account_id,product_family,competitor,intensity
A00001,Security,Competitor A,43
A00002,Infrastructure,Competitor C,74
A00002,Database,Competitor D,18
A00002,AI & ML,Competitor D,61
A00002,Security,Competitor A,40
A00002,Applications,Competitor D,26
A00002,Integration,Competitor B,72
A00003,Database,Competitor B,91
A00003,AI & ML,Competitor B,85
A00003,Security,Competitor D,45
A00003,Integration,Competitor C,69
A00004,Analytics & Data,Competitor B,13
A00004,Integration,Competitor C,34
A00005,Infrastructure,Competitor B,32
A00006,Infrastructure,Competitor C,98
A00006,Database,Competitor C,77
A00006,Analytics & Data,Competitor C,74
A00006,Security,Competitor B,93
A00006,Applications,Competitor D,98
A00006,Integration,Competitor D,98
A00008,Infrastructure,Competitor A,78
A00008,Analytics & Data,Competitor D,65
A00008,Integration,Competitor A,51
A00009,Infrastructure,Competitor B,50
A00009,Database,Competitor A,49
A00010,Infrastructure,Competitor C,63
A00010,Database,Competitor C,100
A00010,Analytics & Data,Competitor D,99
A00010,Applications,Competitor C,44
A00011,Infrastructure,Competitor D,71
A00011,Database,Competitor A,100
A00011,Analytics & Data,Competitor D,98
A00011,AI & ML,Competitor C,66
A00011,Security,Competitor D,100
A00011,Integration,Competitor C,100
A00012,Infrastructure,Competitor B,97
A00012,Analytics & Data,Competitor C,83
A00012,AI & ML,Competitor C,92
A00012,Applications,Competitor B,100
A00012,Integration,Competitor C,97
A00013,Infrastructure,Competitor C,100
A00013,Database,Competitor C,100
A00013,Analytics & Data,Competitor D,71
A00013,Security,Competitor C,70
A00013,Applications,Competitor C,85
A00014,Infrastructure,Competitor B,46
A00014,Database,Competitor C,48
A00014,AI & ML,Competitor C,75
A00014,Security,Competitor C,49
A00015,Analytics & Data,Competitor D,88
A00015,Applications,Competitor A,55
A00016,Infrastructure,Competitor D,93
A00016,Database,Competitor B,72
A00016,Analytics & Data,Competitor D,62
A00016,AI & ML,Competitor A,99
A00016,Applications,Competitor B,49
A00016,Integration,Competitor D,70
A00017,Infrastructure,Competitor C,100
A00017,Database,Competitor A,99
A00017,Analytics & Data,Competitor B,71
A00017,AI & ML,Competitor D,99
A00017,Security,Competitor D,97
A00017,Integration,Competitor C,100
A00018,Database,Competitor B,97
A00018,Analytics & Data,Competitor A,97
A00018,AI & ML,Competitor B,72
A00018,Security,Competitor A,80
A00018,Applications,Competitor A,76
A00018,Integration,Competitor C,98
A00019,Infrastructure,Competitor A,100
A00019,Database,Competitor B,97
A00019,AI & ML,Competitor C,83
A00019,Security,Competitor B,77
A00019,Applications,Competitor D,97
A00020,Database,Competitor D,68
A00020,Analytics & Data,Competitor A,84
A00020,AI & ML,Competitor B,99
A00020,Security,Competitor A,86
A00020,Integration,Competitor C,97
A00021,Applications,Competitor A,10
A00022,Applications,Competitor B,89
A00023,Infrastructure,Competitor D,86
A00023,Database,Competitor D,93
A00023,Analytics & Data,Competitor D,67
A00023,AI & ML,Competitor C,59
A00023,Applications,Competitor A,100
A00023,Integration,Competitor C,75
A00024,Security,Competitor D,26
A00025,Infrastructure,Competitor D,54
A00025,Database,Competitor C,88
A00025,Analytics & Data,Competitor A,81
A00025,AI & ML,Competitor C,70
A00025,Security,Competitor A,76
A00025,Applications,Competitor A,80
A00025,Integration,Competitor A,85
A00026,Security,Competitor D,68
A00026,Applications,Competitor B,84
A00026,Integration,Competitor D,65
A00027,Database,Competitor B,55
A00027,AI & ML,Competitor C,35
A00028,Security,Competitor C,12
A00029,Infrastructure,Competitor C,86
A00029,Database,Competitor B,82
A00029,Analytics & Data,Competitor C,93
A00029,AI & ML,Competitor A,93
A00029,Security,Competitor B,86
A00029,Applications,Competitor D,89
A00029,Integration,Competitor B,98
A00030,Database,Competitor D,39
A00030,AI & ML,Competitor C,40
A00031,Infrastructure,Competitor C,74
A00031,Database,Competitor B,97
A00031,Analytics & Data,Competitor D,98
A00031,AI & ML,Competitor C,98
A00031,Security,Competitor D,87
A00031,Applications,Competitor C,74
A00031,Integration,Competitor C,97
A00032,Infrastructure,Competitor B,81
A00032,Database,Competitor B,98
A00032,Analytics & Data,Competitor A,74
A00032,AI & ML,Competitor A,74
A00032,Security,Competitor C,83
A00032,Integration,Competitor D,80
A00033,Database,Competitor D,46
A00033,AI & ML,Competitor B,75
A00033,Security,Competitor B,59
A00033,Integration,Competitor A,82
A00034,Infrastructure,Competitor C,89
A00034,AI & ML,Competitor B,50
A00034,Security,Competitor A,83
A00034,Applications,Competitor B,36
A00035,Infrastructure,Competitor D,98
A00035,Analytics & Data,Competitor A,99
A00035,AI & ML,Competitor B,100
A00035,Security,Competitor C,79
A00037,Infrastructure,Competitor B,92
A00037,Analytics & Data,Competitor C,74
A00037,Security,Competitor A,89
A00037,Applications,Competitor D,91
A00037,Integration,Competitor A,71
A00038,Database,Competitor A,69
A00038,Analytics & Data,Competitor A,77
A00038,AI & ML,Competitor C,74
A00038,Security,Competitor C,92
A00038,Integration,Competitor D,79
A00039,AI & ML,Competitor D,80
A00039,Applications,Competitor C,39
A00040,Infrastructure,Competitor A,100
A00040,Database,Competitor C,98
A00040,Analytics & Data,Competitor D,97
A00040,AI & ML,Competitor B,89
A00040,Security,Competitor B,84
A00040,Applications,Competitor C,99
A00040,Integration,Competitor B,99
A00041,Infrastructure,Competitor D,97
A00041,Analytics & Data,Competitor B,100
A00041,AI & ML,Competitor B,97
A00041,Security,Competitor C,97
A00041,Integration,Competitor D,97
A00042,Infrastructure,Competitor C,99
A00042,Database,Competitor B,87
A00042,AI & ML,Competitor B,98
A00042,Security,Competitor C,99
A00042,Applications,Competitor D,97
A00042,Integration,Competitor B,98
A00043,Infrastructure,Competitor A,55
A00043,Analytics & Data,Competitor B,39
A00044,Infrastructure,Competitor C,91
A00044,Database,Competitor B,98
A00044,Analytics & Data,Competitor A,80
A00044,Security,Competitor B,52
A00044,Applications,Competitor D,97
A00044,Integration,Competitor B,100
A00045,Infrastructure,Competitor D,99
A00045,Database,Competitor C,87
A00045,AI & ML,Competitor B,98
A00045,Security,Competitor B,98
A00045,Applications,Competitor D,86
A00047,Infrastructure,Competitor B,11
A00047,Security,Competitor A,63
A00048,Database,Competitor A,55
A00048,Analytics & Data,Competitor A,36
A00048,AI & ML,Competitor B,46
A00048,Security,Competitor A,24
A00048,Applications,Competitor A,100
A00048,Integration,Competitor B,56
A00049,Database,Competitor A,63
A00049,AI & ML,Competitor B,75
A00049,Security,Competitor D,28
A00050,Infrastructure,Competitor C,83
A00050,Database,Competitor C,76
A00050,Analytics & Data,Competitor B,76
A00050,Security,Competitor B,77
A00050,Integration,Competitor B,60
A00051,Infrastructure,Competitor A,75
A00051,Database,Competitor D,90
A00051,Analytics & Data,Competitor B,84
A00051,AI & ML,Competitor D,36
A00051,Security,Competitor D,76
A00051,Applications,Competitor A,92
A00051,Integration,Competitor C,99
A00052,Infrastructure,Competitor A,98
A00052,AI & ML,Competitor D,90
A00052,Integration,Competitor B,89
A00053,Infrastructure,Competitor C,98
A00053,Database,Competitor C,100
A00053,Analytics & Data,Competitor B,40
A00053,Security,Competitor B,77
A00053,Integration,Competitor C,98
A00054,Database,Competitor B,74
A00054,Analytics & Data,Competitor A,21
A00054,Applications,Competitor C,91
A00055,Database,Competitor A,59
A00055,AI & ML,Competitor A,67
A00055,Security,Competitor C,55
A00055,Applications,Competitor B,55
A00055,Integration,Competitor A,42
A00056,Database,Competitor A,73
A00056,Analytics & Data,Competitor D,84
A00056,Integration,Competitor B,68
A00057,Database,Competitor B,93
A00057,Analytics & Data,Competitor C,48
A00057,AI & ML,Competitor A,84
A00057,Security,Competitor B,90
A00057,Applications,Competitor C,75
A00057,Integration,Competitor C,100
A00058,Infrastructure,Competitor B,85
A00058,Database,Competitor C,45
A00058,Analytics & Data,Competitor C,64
A00058,AI & ML,Competitor B,97
A00058,Security,Competitor D,39
A00058,Applications,Competitor D,26
A00058,Integration,Competitor D,84
A00059,AI & ML,Competitor A,46
A00059,Security,Competitor A,59
A00060,Integration,Competitor C,35
A00061,Infrastructure,Competitor D,13
A00061,Analytics & Data,Competitor B,53
A00061,AI & ML,Competitor C,31
A00061,Security,Competitor B,53
A00061,Applications,Competitor D,76
A00061,Integration,Competitor C,69
A00062,Infrastructure,Competitor D,100
A00062,Analytics & Data,Competitor C,54
A00062,AI & ML,Competitor C,72
A00062,Security,Competitor D,98
A00062,Integration,Competitor C,65
A00063,Database,Competitor D,11
A00063,Applications,Competitor C,11
A00064,Analytics & Data,Competitor A,35
A00065,Infrastructure,Competitor B,69
A00065,Database,Competitor A,53
A00065,AI & ML,Competitor D,68
A00065,Applications,Competitor C,43
A00066,Analytics & Data,Competitor B,20
A00067,Infrastructure,Competitor B,97
A00067,Database,Competitor D,98
A00067,AI & ML,Competitor C,93
A00067,Security,Competitor C,98
A00067,Applications,Competitor B,99
A00067,Integration,Competitor C,80
A00068,Database,Competitor A,87
A00068,AI & ML,Competitor D,75
A00068,Integration,Competitor B,85
A00069,Infrastructure,Competitor A,90
A00069,Database,Competitor A,98
A00069,Analytics & Data,Competitor D,69
A00069,AI & ML,Competitor B,93
A00069,Security,Competitor C,74
A00069,Applications,Competitor B,68
A00069,Integration,Competitor C,91
A00070,Infrastructure,Competitor C,71
A00070,Database,Competitor C,100
A00070,Analytics & Data,Competitor B,70
A00070,AI & ML,Competitor B,83
A00070,Applications,Competitor A,97
A00070,Integration,Competitor C,100
A00071,Infrastructure,Competitor D,91
A00071,Database,Competitor A,67
A00071,Analytics & Data,Competitor B,85
A00071,AI & ML,Competitor C,78
A00071,Applications,Competitor B,88
A00071,Integration,Competitor A,85
A00072,Infrastructure,Competitor C,85
A00072,AI & ML,Competitor A,69
A00072,Security,Competitor C,53
A00072,Applications,Competitor B,62
A00072,Integration,Competitor A,46
A00073,Infrastructure,Competitor B,77
A00073,Analytics & Data,Competitor B,50
A00073,AI & ML,Competitor D,55
A00073,Security,Competitor C,97
A00073,Integration,Competitor A,90
A00074,Database,Competitor A,38
A00075,Infrastructure,Competitor A,62
A00075,AI & ML,Competitor A,90
A00075,Security,Competitor D,91
A00075,Applications,Competitor C,89
A00075,Integration,Competitor C,78
A00076,Integration,Competitor D,66
A00077,Infrastructure,Competitor A,98
A00077,Analytics & Data,Competitor C,100
A00077,AI & ML,Competitor A,99
A00077,Security,Competitor A,100
A00077,Applications,Competitor B,70
A00077,Integration,Competitor B,97
A00078,Infrastructure,Competitor A,64
A00078,Database,Competitor C,42
A00078,AI & ML,Competitor B,66
A00078,Security,Competitor B,72
A00078,Applications,Competitor B,80
A00079,Database,Competitor B,93
A00079,Analytics & Data,Competitor D,38
A00079,AI & ML,Competitor A,84
A00079,Security,Competitor C,74
A00079,Integration,Competitor D,87
A00080,AI & ML,Competitor C,81
A00080,Applications,Competitor D,98
A00080,Integration,Competitor C,74
A00081,Security,Competitor B,34
A00081,Applications,Competitor A,13
A00082,Infrastructure,Competitor D,52
A00082,Analytics & Data,Competitor A,81
A00082,Security,Competitor B,26
A00082,Applications,Competitor C,61
A00083,Database,Competitor C,74
A00083,Analytics & Data,Competitor C,98
A00083,AI & ML,Competitor A,77
A00083,Applications,Competitor C,68
A00083,Integration,Competitor C,99
A00084,Infrastructure,Competitor D,100
A00084,Analytics & Data,Competitor D,78
A00084,AI & ML,Competitor B,100
A00084,Security,Competitor B,99
A00084,Applications,Competitor A,99
A00085,AI & ML,Competitor D,100
A00085,Security,Competitor D,68
A00085,Applications,Competitor D,72
A00086,Infrastructure,Competitor A,100
A00086,Database,Competitor B,97
A00086,Analytics & Data,Competitor D,99
A00086,AI & ML,Competitor B,99
A00086,Security,Competitor D,99
A00086,Applications,Competitor D,78
A00086,Integration,Competitor A,97
A00087,Infrastructure,Competitor D,80
A00087,Database,Competitor C,82
A00087,Integration,Competitor D,58
A00088,Infrastructure,Competitor C,40
A00088,Analytics & Data,Competitor A,71
A00088,Security,Competitor A,38
A00089,Infrastructure,Competitor D,43
A00089,Analytics & Data,Competitor B,54
A00089,Applications,Competitor B,56
A00089,Integration,Competitor C,52
A00090,Database,Competitor D,67
A00090,Security,Competitor A,99
A00090,Applications,Competitor A,100
A00091,Infrastructure,Competitor C,99
A00091,Database,Competitor D,98
A00091,Analytics & Data,Competitor C,98
A00091,Security,Competitor A,97
A00091,Integration,Competitor A,82
A00092,Applications,Competitor A,80
A00093,Infrastructure,Competitor A,31
A00093,Analytics & Data,Competitor C,56
A00093,Security,Competitor B,16
A00094,Infrastructure,Competitor B,88
A00094,Database,Competitor D,87
A00094,Analytics & Data,Competitor D,74
A00094,Security,Competitor C,97
A00094,Integration,Competitor D,79
A00095,Infrastructure,Competitor C,52
A00095,Applications,Competitor C,17
A00096,Infrastructure,Competitor D,82
A00096,Analytics & Data,Competitor A,88
A00096,AI & ML,Competitor A,86
A00096,Security,Competitor B,81
A00096,Applications,Competitor B,98
A00097,Infrastructure,Competitor C,70
A00097,Database,Competitor D,85
A00097,Analytics & Data,Competitor D,99
A00097,AI & ML,Competitor B,75
A00097,Applications,Competitor A,100
A00097,Integration,Competitor B,98
A00098,Analytics & Data,Competitor B,66
A00098,AI & ML,Competitor A,100
A00098,Integration,Competitor C,54
A00099,Infrastructure,Competitor D,93
A00099,Database,Competitor B,51
A00099,Analytics & Data,Competitor D,81
A00099,AI & ML,Competitor D,40
A00099,Security,Competitor A,87
A00099,Integration,Competitor D,82
A00100,Applications,Competitor C,15
A00101,Database,Competitor D,59
A00101,Analytics & Data,Competitor D,40
A00101,AI & ML,Competitor B,88
A00101,Applications,Competitor A,78
A00101,Integration,Competitor B,76
A00102,Analytics & Data,Competitor B,58
A00103,Infrastructure,Competitor A,88
A00103,Database,Competitor D,73
A00103,Security,Competitor B,86
A00103,Applications,Competitor A,97
A00103,Integration,Competitor C,83
A00104,Database,Competitor B,73
A00104,AI & ML,Competitor A,68
A00104,Security,Competitor B,62
A00104,Applications,Competitor A,99
A00104,Integration,Competitor D,83
A00105,Infrastructure,Competitor A,48
A00105,Analytics & Data,Competitor D,99
A00105,AI & ML,Competitor B,82
A00105,Security,Competitor B,69
A00105,Applications,Competitor A,82
A00105,Integration,Competitor B,97
A00106,Security,Competitor C,55
A00107,Infrastructure,Competitor A,68
A00107,Database,Competitor A,74
A00107,Analytics & Data,Competitor A,100
A00107,AI & ML,Competitor B,81
A00107,Security,Competitor A,53
A00107,Applications,Competitor D,99
A00107,Integration,Competitor C,79
A00108,Database,Competitor A,60
A00108,Analytics & Data,Competitor A,53
A00108,AI & ML,Competitor C,68
A00108,Security,Competitor C,59
A00108,Applications,Competitor B,86
A00108,Integration,Competitor D,48
A00109,Database,Competitor A,73
A00109,Analytics & Data,Competitor D,87
A00109,AI & ML,Competitor A,75
A00109,Applications,Competitor C,97
A00109,Integration,Competitor B,100
A00110,Infrastructure,Competitor D,97
A00110,Analytics & Data,Competitor C,86
A00110,Security,Competitor D,98
A00110,Applications,Competitor D,97
A00110,Integration,Competitor A,74
A00111,Database,Competitor A,28
A00111,Security,Competitor C,56
A00112,Infrastructure,Competitor D,99
A00112,AI & ML,Competitor A,79
A00112,Integration,Competitor A,80
A00113,Database,Competitor C,10
A00113,Analytics & Data,Competitor B,55
A00114,Database,Competitor A,99
A00114,Analytics & Data,Competitor D,99
A00114,AI & ML,Competitor B,100
A00114,Security,Competitor D,99
A00114,Applications,Competitor D,100
A00114,Integration,Competitor D,82
A00115,Database,Competitor C,83
A00115,Applications,Competitor A,56
A00115,Integration,Competitor A,99
A00117,Infrastructure,Competitor B,73
A00117,AI & ML,Competitor D,64
A00117,Security,Competitor C,98
A00117,Applications,Competitor C,85
A00117,Integration,Competitor D,87
A00118,Database,Competitor B,85
A00118,Analytics & Data,Competitor A,55
A00118,Applications,Competitor C,77
A00118,Integration,Competitor A,71
A00119,Infrastructure,Competitor B,46
A00119,Database,Competitor A,76
A00119,Analytics & Data,Competitor B,72
A00119,AI & ML,Competitor C,97
A00119,Security,Competitor B,98
A00119,Applications,Competitor B,90
A00119,Integration,Competitor D,88
A00120,Infrastructure,Competitor D,86
A00120,Database,Competitor D,36
A00120,Analytics & Data,Competitor B,100
A00120,AI & ML,Competitor A,98
A00120,Applications,Competitor C,100
A00120,Integration,Competitor B,49
A00121,Database,Competitor C,80
A00121,Analytics & Data,Competitor C,97
A00121,AI & ML,Competitor B,97
A00121,Security,Competitor A,86
A00121,Applications,Competitor D,86
A00122,Infrastructure,Competitor B,40
A00122,Analytics & Data,Competitor A,98
A00122,AI & ML,Competitor C,17
A00122,Security,Competitor C,67
A00123,Infrastructure,Competitor C,100
A00123,Database,Competitor A,100
A00123,Analytics & Data,Competitor C,97
A00123,Applications,Competitor B,100
A00124,AI & ML,Competitor C,70
A00124,Security,Competitor A,47
A00124,Integration,Competitor B,60
A00125,Infrastructure,Competitor C,73
A00125,Database,Competitor B,61
A00125,Analytics & Data,Competitor C,98
A00125,Security,Competitor C,98
A00125,Applications,Competitor C,97
A00125,Integration,Competitor D,99
A00126,Infrastructure,Competitor B,39
A00127,Infrastructure,Competitor D,89
A00127,Database,Competitor D,59
A00127,Analytics & Data,Competitor D,97
A00127,AI & ML,Competitor C,82
A00127,Security,Competitor D,71
A00127,Integration,Competitor B,78
A00128,Infrastructure,Competitor B,97
A00128,Database,Competitor D,82
A00128,AI & ML,Competitor B,79
A00128,Integration,Competitor A,47
A00129,Infrastructure,Competitor D,100
A00129,Database,Competitor D,77
A00129,Analytics & Data,Competitor B,98
A00129,AI & ML,Competitor B,97
A00129,Security,Competitor C,99
A00129,Applications,Competitor A,99
A00129,Integration,Competitor B,100
A00130,Infrastructure,Competitor A,42
A00130,Analytics & Data,Competitor C,97
A00130,AI & ML,Competitor C,99
A00130,Security,Competitor A,100
A00130,Applications,Competitor C,99
A00131,Infrastructure,Competitor A,43
A00131,Analytics & Data,Competitor D,63
A00131,AI & ML,Competitor C,64
A00131,Security,Competitor A,56
A00132,Database,Competitor A,35
A00132,Analytics & Data,Competitor A,80
A00132,AI & ML,Competitor A,46
A00132,Security,Competitor A,67
A00132,Applications,Competitor B,38
A00132,Integration,Competitor A,81
A00133,Infrastructure,Competitor C,75
A00133,Analytics & Data,Competitor C,89
A00133,AI & ML,Competitor B,46
A00134,AI & ML,Competitor C,60
A00134,Security,Competitor C,75
A00134,Applications,Competitor C,41
A00135,Database,Competitor C,76
A00135,Analytics & Data,Competitor C,81
A00135,Integration,Competitor D,86
A00136,Analytics & Data,Competitor A,35
A00136,AI & ML,Competitor C,68
A00136,Security,Competitor C,68
A00136,Integration,Competitor A,81
A00137,Infrastructure,Competitor B,28
A00137,Database,Competitor A,30
A00137,AI & ML,Competitor C,42
A00137,Applications,Competitor B,86
A00138,Infrastructure,Competitor A,71
A00138,Analytics & Data,Competitor C,84
A00138,AI & ML,Competitor D,48
A00138,Security,Competitor C,99
A00138,Applications,Competitor D,58
A00138,Integration,Competitor B,97
A00139,Infrastructure,Competitor C,44
A00139,Analytics & Data,Competitor B,85
A00139,AI & ML,Competitor D,93
A00139,Applications,Competitor C,87
A00140,Database,Competitor A,73
A00140,Analytics & Data,Competitor D,50
A00140,Security,Competitor D,44
A00140,Integration,Competitor A,55
A00141,Infrastructure,Competitor C,98
A00141,Database,Competitor B,78
A00141,Analytics & Data,Competitor D,97
A00141,AI & ML,Competitor D,97
A00141,Security,Competitor B,98
A00141,Applications,Competitor D,99
A00141,Integration,Competitor D,98
A00142,Analytics & Data,Competitor C,97
A00142,AI & ML,Competitor D,69
A00142,Applications,Competitor D,70
A00142,Integration,Competitor C,82
A00143,Infrastructure,Competitor B,69
A00143,Database,Competitor C,71
A00143,AI & ML,Competitor A,70
A00143,Security,Competitor D,99
A00143,Applications,Competitor B,72
A00143,Integration,Competitor B,77
A00144,Infrastructure,Competitor B,45
A00144,Security,Competitor D,69
A00145,Infrastructure,Competitor D,19
A00146,Infrastructure,Competitor B,93
A00146,Analytics & Data,Competitor A,68
A00146,Applications,Competitor A,71
A00146,Integration,Competitor B,91
A00147,Security,Competitor B,90
A00147,Applications,Competitor A,66
A00147,Integration,Competitor B,84
A00148,Infrastructure,Competitor A,93
A00148,Database,Competitor A,69
A00148,Analytics & Data,Competitor C,75
A00148,AI & ML,Competitor C,50
A00148,Applications,Competitor D,80
A00148,Integration,Competitor C,97
A00149,Database,Competitor A,71
A00149,AI & ML,Competitor D,79
A00149,Security,Competitor B,78
A00149,Applications,Competitor A,63
A00149,Integration,Competitor B,79
A00150,Infrastructure,Competitor A,71
A00150,Analytics & Data,Competitor B,18
A00150,AI & ML,Competitor C,46
A00150,Applications,Competitor A,62
A00150,Integration,Competitor B,74
A00151,Infrastructure,Competitor C,75
A00151,Database,Competitor D,97
A00151,Analytics & Data,Competitor B,72
A00151,AI & ML,Competitor C,97
A00151,Security,Competitor A,100
A00151,Applications,Competitor C,81
A00151,Integration,Competitor C,98
A00152,Analytics & Data,Competitor D,44
A00152,AI & ML,Competitor C,41
A00152,Security,Competitor B,68
A00152,Applications,Competitor A,81
A00153,Infrastructure,Competitor C,98
A00153,Database,Competitor B,74
A00153,Analytics & Data,Competitor D,70
A00153,AI & ML,Competitor A,98
A00153,Security,Competitor B,72
A00153,Applications,Competitor D,98
A00154,Infrastructure,Competitor C,78
A00154,Analytics & Data,Competitor A,39
A00154,Applications,Competitor D,35
A00155,Database,Competitor A,90
A00155,AI & ML,Competitor A,75
A00155,Security,Competitor D,100
A00155,Integration,Competitor A,89
A00156,Analytics & Data,Competitor B,100
A00156,Integration,Competitor C,45
A00157,Infrastructure,Competitor C,52
A00157,Security,Competitor A,51
A00157,Applications,Competitor B,48
A00157,Integration,Competitor D,68
A00158,Infrastructure,Competitor C,88
A00158,Database,Competitor D,93
A00158,AI & ML,Competitor D,79
A00158,Applications,Competitor A,82
A00158,Integration,Competitor B,61
A00159,Infrastructure,Competitor B,75
A00159,Analytics & Data,Competitor A,84
A00159,AI & ML,Competitor B,37
A00159,Applications,Competitor C,72
A00160,Infrastructure,Competitor D,69
A00160,Database,Competitor D,83
A00160,AI & ML,Competitor A,88
A00160,Security,Competitor C,93
A00160,Applications,Competitor D,97
A00160,Integration,Competitor C,76
A00161,Analytics & Data,Competitor A,40
A00161,Security,Competitor D,35
A00161,Applications,Competitor A,51
A00162,Infrastructure,Competitor D,93
A00162,Database,Competitor D,72
A00162,AI & ML,Competitor A,100
A00162,Security,Competitor D,39
A00162,Applications,Competitor D,90
A00162,Integration,Competitor C,58
A00163,Infrastructure,Competitor A,71
A00163,Analytics & Data,Competitor B,93
A00163,Applications,Competitor A,31
A00163,Integration,Competitor B,97
A00165,Infrastructure,Competitor B,73
A00165,Database,Competitor A,36
A00165,Analytics & Data,Competitor A,72
A00165,AI & ML,Competitor C,80
A00165,Security,Competitor A,69
A00165,Applications,Competitor B,86
A00165,Integration,Competitor A,75
A00166,Database,Competitor A,76
A00166,Analytics & Data,Competitor D,89
A00167,Security,Competitor D,43
A00168,Infrastructure,Competitor D,78
A00168,Analytics & Data,Competitor C,98
A00168,Security,Competitor C,100
A00168,Applications,Competitor D,93
A00168,Integration,Competitor D,87
A00169,Infrastructure,Competitor A,78
A00169,Database,Competitor B,97
A00169,Analytics & Data,Competitor D,85
A00169,AI & ML,Competitor A,79
A00169,Security,Competitor C,84
A00169,Applications,Competitor B,72
A00170,Infrastructure,Competitor C,69
A00170,Analytics & Data,Competitor C,42
A00170,Applications,Competitor C,52
A00171,Infrastructure,Competitor C,60
A00171,Applications,Competitor C,35
A00172,Infrastructure,Competitor D,87
A00172,AI & ML,Competitor A,76
A00172,Security,Competitor C,97
A00172,Integration,Competitor B,43
A00173,Infrastructure,Competitor A,97
A00173,Analytics & Data,Competitor D,88
A00173,AI & ML,Competitor C,91
A00173,Security,Competitor A,70
A00173,Integration,Competitor A,98
A00174,Infrastructure,Competitor B,68
A00174,Database,Competitor B,98
A00174,AI & ML,Competitor C,87
A00174,Applications,Competitor D,79
A00174,Integration,Competitor A,99
A00175,Infrastructure,Competitor D,50
A00175,Database,Competitor C,98
A00175,Analytics & Data,Competitor D,48
A00175,AI & ML,Competitor A,77
A00175,Security,Competitor D,81
A00175,Integration,Competitor A,40
A00176,Infrastructure,Competitor D,97
A00176,Database,Competitor C,97
A00176,Analytics & Data,Competitor A,98
A00176,AI & ML,Competitor C,97
A00176,Security,Competitor C,98
A00176,Applications,Competitor D,69
A00176,Integration,Competitor A,99
A00177,Infrastructure,Competitor C,97
A00177,Database,Competitor B,72
A00177,Analytics & Data,Competitor A,98
A00177,Integration,Competitor A,98
A00178,Infrastructure,Competitor A,91
A00178,Analytics & Data,Competitor B,85
A00178,Security,Competitor C,66
A00178,Applications,Competitor A,57
A00178,Integration,Competitor C,78
A00179,Infrastructure,Competitor C,87
A00179,Database,Competitor A,99
A00179,Analytics & Data,Competitor A,73
A00179,AI & ML,Competitor C,98
A00180,Database,Competitor A,97
A00180,Analytics & Data,Competitor D,72
A00180,AI & ML,Competitor A,90
A00180,Security,Competitor A,89
A00180,Applications,Competitor D,86
A00180,Integration,Competitor C,37
A00181,Infrastructure,Competitor C,71
A00181,Database,Competitor B,97
A00181,Analytics & Data,Competitor B,100
A00181,AI & ML,Competitor D,91
A00181,Security,Competitor B,98
A00181,Applications,Competitor A,71
A00181,Integration,Competitor C,100
A00182,Infrastructure,Competitor C,81
A00182,Security,Competitor A,97
A00182,Applications,Competitor D,43
A00183,Analytics & Data,Competitor D,60
A00183,AI & ML,Competitor D,75
A00183,Security,Competitor D,91
A00183,Applications,Competitor C,79
A00183,Integration,Competitor A,26
A00185,Infrastructure,Competitor C,82
A00185,AI & ML,Competitor D,35
A00186,Infrastructure,Competitor B,62
A00186,Database,Competitor B,71
A00186,Analytics & Data,Competitor D,79
A00186,AI & ML,Competitor B,87
A00186,Security,Competitor B,97
A00186,Integration,Competitor B,77
A00188,Database,Competitor D,78
A00188,Analytics & Data,Competitor A,73
A00188,Security,Competitor D,85
A00188,Applications,Competitor D,88
A00188,Integration,Competitor A,31
A00189,Infrastructure,Competitor B,56
A00189,Analytics & Data,Competitor C,86
A00189,AI & ML,Competitor A,39
A00189,Security,Competitor A,43
A00189,Integration,Competitor C,71
A00190,Infrastructure,Competitor B,86
A00190,AI & ML,Competitor A,82
A00190,Security,Competitor B,59
A00190,Integration,Competitor A,74
A00191,Analytics & Data,Competitor D,100
A00191,AI & ML,Competitor B,100
A00191,Security,Competitor C,90
A00191,Applications,Competitor A,98
A00191,Integration,Competitor D,70
A00192,Analytics & Data,Competitor B,87
A00192,AI & ML,Competitor B,92
A00192,Applications,Competitor B,16
A00193,Infrastructure,Competitor D,38
A00193,Database,Competitor D,40
A00193,AI & ML,Competitor B,79
A00193,Security,Competitor A,45
A00193,Applications,Competitor C,35
A00193,Integration,Competitor B,98
A00194,Analytics & Data,Competitor D,97
A00194,AI & ML,Competitor C,78
A00194,Security,Competitor B,89
A00196,Infrastructure,Competitor A,98
A00196,Database,Competitor A,81
A00196,Analytics & Data,Competitor C,100
A00196,Security,Competitor A,99
A00196,Applications,Competitor C,97
A00196,Integration,Competitor D,93
A00197,Database,Competitor A,74
A00197,Analytics & Data,Competitor D,68
A00197,AI & ML,Competitor D,100
A00197,Applications,Competitor B,88
A00197,Integration,Competitor C,74
A00198,Infrastructure,Competitor A,78
A00198,Database,Competitor C,100
A00198,Analytics & Data,Competitor A,97
A00198,AI & ML,Competitor A,99
A00198,Security,Competitor A,99
A00198,Integration,Competitor C,99
A00199,Infrastructure,Competitor A,50
A00199,Database,Competitor B,82
A00199,Analytics & Data,Competitor A,77
A00199,Security,Competitor D,71
A00199,Applications,Competitor D,70
A00199,Integration,Competitor D,40
A00200,Infrastructure,Competitor C,78
A00200,Database,Competitor B,83
A00200,Analytics & Data,Competitor B,49
A00200,AI & ML,Competitor D,72
A00200,Security,Competitor B,88
A00200,Applications,Competitor B,75
A00200,Integration,Competitor A,49
A00201,Database,Competitor B,32
A00201,Analytics & Data,Competitor B,24
A00201,Integration,Competitor C,14
A00202,Database,Competitor D,93
A00202,Analytics & Data,Competitor A,75
A00202,AI & ML,Competitor D,59
A00202,Applications,Competitor A,55
A00203,Infrastructure,Competitor D,73
A00203,Database,Competitor A,97
A00203,Analytics & Data,Competitor C,97
A00203,AI & ML,Competitor A,97
A00203,Security,Competitor C,99
A00203,Applications,Competitor A,100
A00203,Integration,Competitor B,44
A00204,Infrastructure,Competitor D,88
A00204,Analytics & Data,Competitor B,81
A00204,AI & ML,Competitor C,70
A00204,Applications,Competitor D,90
A00204,Integration,Competitor C,72
A00205,Infrastructure,Competitor D,79
A00205,Database,Competitor A,86
A00205,Applications,Competitor A,79
A00205,Integration,Competitor B,82
A00206,Infrastructure,Competitor C,76
A00206,Security,Competitor C,64
A00206,Applications,Competitor B,82
A00207,AI & ML,Competitor B,89
A00207,Applications,Competitor D,100
A00207,Integration,Competitor A,81
A00209,AI & ML,Competitor A,53
A00209,Security,Competitor C,40
A00209,Applications,Competitor B,90
A00209,Integration,Competitor D,72
A00210,Infrastructure,Competitor D,68
A00210,Database,Competitor D,76
A00210,Analytics & Data,Competitor B,91
A00210,Security,Competitor B,85
A00210,Applications,Competitor D,77
A00211,Database,Competitor D,92
A00211,Analytics & Data,Competitor C,54
A00211,AI & ML,Competitor C,46
A00211,Applications,Competitor C,54
A00212,Infrastructure,Competitor C,75
A00212,Analytics & Data,Competitor A,99
A00212,AI & ML,Competitor D,73
A00212,Security,Competitor B,71
A00212,Applications,Competitor B,87
A00212,Integration,Competitor C,46
A00213,Database,Competitor B,76
A00213,Analytics & Data,Competitor D,76
A00213,Security,Competitor A,72
A00213,Integration,Competitor A,87
A00214,Database,Competitor D,71
A00214,Analytics & Data,Competitor C,98
A00214,AI & ML,Competitor A,63
A00214,Integration,Competitor A,83
A00215,Infrastructure,Competitor B,98
A00215,Database,Competitor D,71
A00215,Analytics & Data,Competitor D,65
A00215,AI & ML,Competitor C,100
A00215,Security,Competitor C,70
A00215,Applications,Competitor A,50
A00215,Integration,Competitor D,84
A00216,Infrastructure,Competitor C,99
A00216,Database,Competitor D,98
A00216,Analytics & Data,Competitor D,80
A00216,AI & ML,Competitor B,97
A00216,Applications,Competitor A,97
A00216,Integration,Competitor D,69
A00217,Infrastructure,Competitor D,84
A00217,Database,Competitor D,71
A00217,Analytics & Data,Competitor D,84
A00217,Security,Competitor D,99
A00217,Applications,Competitor B,100
A00217,Integration,Competitor D,79
A00218,Database,Competitor D,68
A00218,Analytics & Data,Competitor A,90
A00218,AI & ML,Competitor A,89
A00218,Security,Competitor C,100
A00218,Applications,Competitor C,58
A00218,Integration,Competitor C,86
A00219,Analytics & Data,Competitor A,19
A00220,Infrastructure,Competitor C,92
A00220,Database,Competitor A,73
A00220,Analytics & Data,Competitor D,51
A00221,Infrastructure,Competitor C,70
A00221,AI & ML,Competitor C,76
A00221,Security,Competitor A,86
A00222,Infrastructure,Competitor B,100
A00222,Database,Competitor A,97
A00222,Analytics & Data,Competitor B,80
A00222,AI & ML,Competitor A,98
A00222,Applications,Competitor C,99
A00224,Infrastructure,Competitor D,93
A00224,Analytics & Data,Competitor B,61
A00225,Analytics & Data,Competitor C,77
A00225,Applications,Competitor D,68
A00226,Database,Competitor B,40
A00226,Analytics & Data,Competitor C,24
A00227,Database,Competitor B,51
A00227,Analytics & Data,Competitor C,82
A00227,AI & ML,Competitor B,84
A00227,Security,Competitor C,92
A00227,Integration,Competitor A,64
A00228,Infrastructure,Competitor B,58
A00228,Database,Competitor D,89
A00228,Analytics & Data,Competitor B,17
A00228,AI & ML,Competitor A,97
A00228,Security,Competitor D,73
A00228,Applications,Competitor A,89
A00228,Integration,Competitor C,85
A00229,Analytics & Data,Competitor D,55
A00229,AI & ML,Competitor B,75
A00229,Integration,Competitor D,83
A00230,AI & ML,Competitor B,92
A00230,Applications,Competitor A,98
A00230,Integration,Competitor D,38
A00231,Infrastructure,Competitor D,40
A00231,Database,Competitor D,100
A00231,AI & ML,Competitor B,72
A00231,Security,Competitor C,82
A00232,Infrastructure,Competitor B,41
A00232,Database,Competitor C,56
A00232,Analytics & Data,Competitor A,36
A00232,AI & ML,Competitor D,44
A00232,Security,Competitor B,36
A00232,Applications,Competitor C,66
A00232,Integration,Competitor A,87
A00233,Analytics & Data,Competitor C,86
A00234,Infrastructure,Competitor C,43
A00234,Database,Competitor A,70
A00234,AI & ML,Competitor A,66
A00234,Applications,Competitor A,98
A00235,Infrastructure,Competitor B,39
A00235,Database,Competitor D,97
A00235,Analytics & Data,Competitor C,81
A00235,AI & ML,Competitor A,98
A00235,Security,Competitor C,69
A00235,Applications,Competitor D,43
A00236,Infrastructure,Competitor A,80
A00236,Analytics & Data,Competitor C,78
A00236,Security,Competitor C,81
A00236,Applications,Competitor A,80
A00236,Integration,Competitor A,65
A00237,Infrastructure,Competitor A,37
A00237,Database,Competitor A,18
A00237,Analytics & Data,Competitor B,50
A00237,AI & ML,Competitor C,54
A00238,Infrastructure,Competitor B,92
A00238,Database,Competitor B,69
A00238,Analytics & Data,Competitor C,100
A00238,AI & ML,Competitor B,100
A00238,Security,Competitor B,97
A00238,Applications,Competitor D,85
A00238,Integration,Competitor D,99
A00239,Infrastructure,Competitor B,89
A00240,Infrastructure,Competitor B,89
A00240,Database,Competitor A,78
A00240,Integration,Competitor B,42
A00241,Infrastructure,Competitor A,98
A00241,Database,Competitor A,89
A00241,AI & ML,Competitor A,73
A00241,Security,Competitor B,90
A00241,Integration,Competitor D,83
A00242,Analytics & Data,Competitor A,78
A00242,Security,Competitor D,67
A00242,Applications,Competitor C,61
A00242,Integration,Competitor D,69
A00243,Applications,Competitor A,36
A00244,Infrastructure,Competitor D,78
A00244,Analytics & Data,Competitor A,87
A00244,Security,Competitor B,38
A00244,Applications,Competitor C,55
A00245,Infrastructure,Competitor C,100
A00245,Database,Competitor B,72
A00245,Analytics & Data,Competitor B,70
A00245,Security,Competitor A,98
A00245,Applications,Competitor B,83
A00245,Integration,Competitor C,98
A00246,Database,Competitor D,92
A00246,Analytics & Data,Competitor D,10
A00247,Database,Competitor B,70
A00247,Analytics & Data,Competitor D,98
A00247,AI & ML,Competitor C,99
A00247,Security,Competitor D,98
A00247,Applications,Competitor D,72
A00247,Integration,Competitor A,99
A00248,Infrastructure,Competitor C,98
A00248,Security,Competitor C,100
A00248,Applications,Competitor B,100
A00248,Integration,Competitor C,98
A00249,Infrastructure,Competitor C,57
A00249,Database,Competitor B,81
A00249,AI & ML,Competitor B,99
A00249,Security,Competitor D,90
A00249,Applications,Competitor A,69
A00249,Integration,Competitor A,38
A00250,Database,Competitor C,66
A00250,Applications,Competitor A,52
A00250,Integration,Competitor B,47
A00251,Infrastructure,Competitor C,98
A00251,Database,Competitor C,99
A00251,Analytics & Data,Competitor A,97
A00251,AI & ML,Competitor D,28
A00251,Security,Competitor B,81
A00251,Integration,Competitor B,52
A00252,AI & ML,Competitor D,54
A00252,Applications,Competitor B,82
A00252,Integration,Competitor A,47
A00253,Infrastructure,Competitor A,99
A00253,Database,Competitor C,100
A00253,Analytics & Data,Competitor A,59
A00253,AI & ML,Competitor C,99
A00253,Security,Competitor B,46
A00253,Applications,Competitor C,82
A00253,Integration,Competitor A,68
A00254,Security,Competitor A,52
A00255,Infrastructure,Competitor D,37
A00255,Security,Competitor B,23
A00256,Infrastructure,Competitor D,97
A00256,Security,Competitor C,90
A00256,Applications,Competitor B,91
A00257,Infrastructure,Competitor B,98
A00257,Security,Competitor D,86
A00257,Applications,Competitor C,74
A00257,Integration,Competitor C,74
A00258,Database,Competitor D,58
A00258,Analytics & Data,Competitor B,10
A00258,AI & ML,Competitor A,33
A00258,Integration,Competitor A,46
A00259,Database,Competitor C,38
A00259,Security,Competitor A,34
A00260,Infrastructure,Competitor B,35
A00260,Database,Competitor C,90
A00260,Analytics & Data,Competitor C,37
A00260,AI & ML,Competitor A,100
A00260,Security,Competitor A,74
A00260,Applications,Competitor B,71
A00261,Analytics & Data,Competitor D,83
A00261,Integration,Competitor A,52
A00262,Infrastructure,Competitor C,81
A00262,Database,Competitor B,73
A00262,Analytics & Data,Competitor A,63
A00263,Infrastructure,Competitor D,51
A00263,Database,Competitor C,73
A00263,Applications,Competitor D,58
A00263,Integration,Competitor D,97
A00264,Infrastructure,Competitor C,97
A00264,Database,Competitor A,99
A00264,Analytics & Data,Competitor B,91
A00264,AI & ML,Competitor D,98
A00264,Security,Competitor D,17
A00264,Applications,Competitor A,97
A00264,Integration,Competitor C,97
A00265,Infrastructure,Competitor A,76
A00265,Analytics & Data,Competitor A,52
A00265,AI & ML,Competitor A,75
A00265,Security,Competitor B,58
A00265,Applications,Competitor A,43
A00266,AI & ML,Competitor C,91
A00266,Applications,Competitor A,44
A00267,Database,Competitor C,97
A00267,AI & ML,Competitor A,84
A00267,Security,Competitor B,68
A00267,Applications,Competitor B,90
A00268,Database,Competitor A,69
A00269,Database,Competitor C,18
A00269,Analytics & Data,Competitor A,46
A00270,Infrastructure,Competitor D,81
A00270,Analytics & Data,Competitor D,56
A00270,Security,Competitor C,49
A00270,Applications,Competitor D,45
A00270,Integration,Competitor B,42
A00271,Infrastructure,Competitor A,37
A00272,AI & ML,Competitor A,81
A00273,Infrastructure,Competitor A,98
A00273,Database,Competitor D,97
A00273,Analytics & Data,Competitor A,69
A00273,AI & ML,Competitor D,99
A00273,Security,Competitor B,80
A00273,Applications,Competitor D,99
A00273,Integration,Competitor A,100
A00274,Infrastructure,Competitor C,50
A00274,Applications,Competitor D,78
A00275,Infrastructure,Competitor B,13
A00275,AI & ML,Competitor A,50
A00275,Integration,Competitor C,81
A00276,Applications,Competitor B,51
A00277,AI & ML,Competitor B,74
A00277,Applications,Competitor A,99
A00277,Integration,Competitor B,83
A00278,Database,Competitor A,36
A00278,Analytics & Data,Competitor A,32
A00278,AI & ML,Competitor D,36
A00279,Infrastructure,Competitor C,99
A00279,Security,Competitor A,80
A00280,Analytics & Data,Competitor A,87
A00280,Applications,Competitor B,72
A00281,Analytics & Data,Competitor B,45
A00281,Security,Competitor B,79
A00282,Security,Competitor C,84
A00282,Applications,Competitor A,58
A00283,AI & ML,Competitor D,39
A00283,Integration,Competitor C,66
A00284,Infrastructure,Competitor A,43
A00284,AI & ML,Competitor B,93
A00284,Security,Competitor B,76
A00284,Integration,Competitor A,42
A00285,AI & ML,Competitor C,61
A00285,Security,Competitor D,80
A00286,Analytics & Data,Competitor D,13
A00286,AI & ML,Competitor B,93
A00287,Security,Competitor B,85
A00287,Applications,Competitor B,93
A00288,Database,Competitor A,26
A00288,Analytics & Data,Competitor C,12
A00288,Security,Competitor A,88
A00289,Infrastructure,Competitor B,75
A00289,Database,Competitor A,42
A00289,Security,Competitor B,52
A00289,Integration,Competitor D,76
A00290,Infrastructure,Competitor B,98
A00290,Analytics & Data,Competitor B,97
A00290,AI & ML,Competitor A,99
A00290,Applications,Competitor B,100
A00290,Integration,Competitor A,73
A00291,Infrastructure,Competitor A,87
A00291,Database,Competitor C,78
A00291,AI & ML,Competitor D,68
A00291,Applications,Competitor B,92
A00292,Infrastructure,Competitor C,98
A00292,Database,Competitor A,68
A00292,Analytics & Data,Competitor D,99
A00292,AI & ML,Competitor D,100
A00292,Security,Competitor D,99
A00292,Applications,Competitor B,100
A00292,Integration,Competitor C,99
A00293,Database,Competitor B,81
A00293,Analytics & Data,Competitor D,77
A00293,AI & ML,Competitor C,68
A00293,Security,Competitor D,86
A00293,Applications,Competitor B,99
A00296,Analytics & Data,Competitor C,71
A00296,Security,Competitor C,78
A00296,Integration,Competitor B,92
A00297,Infrastructure,Competitor D,92
A00297,Database,Competitor D,97
A00297,Analytics & Data,Competitor A,85
A00297,Security,Competitor B,99
A00297,Applications,Competitor B,89
A00297,Integration,Competitor C,98
A00298,AI & ML,Competitor B,56
A00299,Infrastructure,Competitor B,99
A00299,Analytics & Data,Competitor A,69
A00299,AI & ML,Competitor A,99
A00299,Security,Competitor D,99
A00299,Applications,Competitor A,92
A00299,Integration,Competitor A,74
A00300,Infrastructure,Competitor B,74
A00300,Analytics & Data,Competitor D,89
A00300,AI & ML,Competitor A,87
A00300,Integration,Competitor A,83
A00301,Analytics & Data,Competitor D,66
A00301,AI & ML,Competitor D,69
A00301,Applications,Competitor D,56
A00301,Integration,Competitor A,45
A00302,AI & ML,Competitor A,74
A00304,Infrastructure,Competitor B,65
A00304,AI & ML,Competitor C,93
A00304,Applications,Competitor B,71
A00304,Integration,Competitor D,38
A00305,Database,Competitor A,97
A00305,Applications,Competitor C,70
A00305,Integration,Competitor B,80
A00306,Database,Competitor B,82
A00306,Analytics & Data,Competitor C,80
A00306,Security,Competitor B,99
A00306,Applications,Competitor D,72
A00306,Integration,Competitor D,85
A00307,Applications,Competitor A,62
A00308,Infrastructure,Competitor A,98
A00308,Database,Competitor D,97
A00308,Analytics & Data,Competitor C,42
A00308,Security,Competitor C,73
A00308,Integration,Competitor D,82
A00309,Infrastructure,Competitor B,18
A00309,AI & ML,Competitor C,54
A00310,Analytics & Data,Competitor C,76
A00310,AI & ML,Competitor B,79
A00310,Applications,Competitor C,69
A00311,Infrastructure,Competitor D,75
A00311,Database,Competitor A,84
A00311,Analytics & Data,Competitor D,76
A00311,AI & ML,Competitor A,68
A00311,Applications,Competitor C,78
A00312,Security,Competitor A,78
A00312,Applications,Competitor A,22
A00313,Infrastructure,Competitor B,74
A00313,Analytics & Data,Competitor B,76
A00313,AI & ML,Competitor C,74
A00313,Security,Competitor D,69
A00313,Applications,Competitor B,79
A00313,Integration,Competitor B,92
A00314,Database,Competitor B,69
A00314,Analytics & Data,Competitor A,97
A00314,AI & ML,Competitor A,97
A00314,Security,Competitor A,83
A00314,Applications,Competitor D,66
A00314,Integration,Competitor A,98
A00315,Database,Competitor D,74
A00315,Analytics & Data,Competitor C,52
A00315,Security,Competitor C,62
A00315,Applications,Competitor C,48
A00315,Integration,Competitor C,75
A00316,Infrastructure,Competitor B,68
A00316,Database,Competitor A,58
A00316,Analytics & Data,Competitor D,73
A00316,AI & ML,Competitor D,72
A00316,Security,Competitor B,11
A00316,Applications,Competitor D,98
A00317,Infrastructure,Competitor B,62
A00317,Database,Competitor A,98
A00317,Analytics & Data,Competitor B,84
A00317,Security,Competitor B,46
A00317,Applications,Competitor A,91
A00317,Integration,Competitor D,100
A00318,Database,Competitor A,57
A00318,Analytics & Data,Competitor A,77
A00318,AI & ML,Competitor B,87
A00318,Security,Competitor C,40
A00319,Infrastructure,Competitor B,97
A00319,Database,Competitor A,97
A00319,Analytics & Data,Competitor A,97
A00319,AI & ML,Competitor C,79
A00319,Security,Competitor D,98
A00319,Applications,Competitor C,97
A00319,Integration,Competitor B,99
A00320,Infrastructure,Competitor B,85
A00320,Database,Competitor C,90
A00320,Analytics & Data,Competitor C,69
A00320,Applications,Competitor D,98
A00320,Integration,Competitor A,68
A00321,Infrastructure,Competitor B,98
A00321,Database,Competitor B,100
A00321,Analytics & Data,Competitor A,99
A00321,Applications,Competitor D,80
A00321,Integration,Competitor C,97
A00322,Infrastructure,Competitor A,83
A00322,Database,Competitor D,98
A00322,Analytics & Data,Competitor C,97
A00322,AI & ML,Competitor A,82
A00322,Applications,Competitor A,54
A00322,Integration,Competitor B,97
A00323,Database,Competitor A,97
A00323,Analytics & Data,Competitor D,68
A00323,AI & ML,Competitor D,98
A00323,Security,Competitor C,62
A00323,Applications,Competitor C,38
A00323,Integration,Competitor C,86
A00324,Applications,Competitor D,63
A00325,Infrastructure,Competitor B,20
A00325,Database,Competitor B,41
A00325,Applications,Competitor B,11
A00326,Infrastructure,Competitor D,47
A00326,Database,Competitor D,97
A00326,Analytics & Data,Competitor A,100
A00326,AI & ML,Competitor A,75
A00326,Security,Competitor A,98
A00326,Applications,Competitor B,99
A00326,Integration,Competitor D,99
A00327,Infrastructure,Competitor C,100
A00327,Database,Competitor C,100
A00327,AI & ML,Competitor D,98
A00327,Security,Competitor B,99
A00327,Applications,Competitor A,40
A00327,Integration,Competitor A,97
A00328,Infrastructure,Competitor D,99
A00328,Database,Competitor A,93
A00328,Analytics & Data,Competitor A,98
A00328,AI & ML,Competitor A,98
A00329,Infrastructure,Competitor A,38
A00329,AI & ML,Competitor C,74
A00329,Applications,Competitor D,63
A00329,Integration,Competitor D,76
A00330,Infrastructure,Competitor D,34
A00330,AI & ML,Competitor A,62
A00330,Security,Competitor A,46
A00330,Applications,Competitor C,46
A00331,Infrastructure,Competitor B,69
A00331,Database,Competitor C,50
A00331,AI & ML,Competitor B,40
A00331,Applications,Competitor D,86
A00331,Integration,Competitor B,76
A00332,Database,Competitor C,42
A00332,Analytics & Data,Competitor D,18
A00332,Security,Competitor D,92
A00332,Applications,Competitor A,59
A00333,Infrastructure,Competitor C,100
A00333,AI & ML,Competitor D,55
A00333,Security,Competitor B,73
A00333,Applications,Competitor C,35
A00334,Infrastructure,Competitor C,66
A00334,Applications,Competitor A,38
A00335,Analytics & Data,Competitor D,76
A00335,AI & ML,Competitor A,64
A00336,Infrastructure,Competitor A,49
A00336,AI & ML,Competitor B,36
A00338,Infrastructure,Competitor C,85
A00338,Analytics & Data,Competitor A,91
A00338,Applications,Competitor A,31
A00338,Integration,Competitor C,80
A00339,Analytics & Data,Competitor C,90
A00339,AI & ML,Competitor B,80
A00339,Security,Competitor D,49
A00339,Applications,Competitor A,97
A00340,Infrastructure,Competitor D,59
A00340,Database,Competitor C,41
A00340,Analytics & Data,Competitor B,99
A00340,Security,Competitor B,88
A00340,Applications,Competitor A,47
A00340,Integration,Competitor B,89
A00341,Database,Competitor D,100
A00341,Analytics & Data,Competitor D,99
A00341,AI & ML,Competitor B,99
A00341,Security,Competitor D,97
A00341,Integration,Competitor B,100
A00342,AI & ML,Competitor C,10
A00342,Applications,Competitor B,77
A00343,Infrastructure,Competitor B,90
A00343,Analytics & Data,Competitor D,100
A00343,AI & ML,Competitor C,100
A00343,Security,Competitor C,73
A00343,Applications,Competitor A,84
A00343,Integration,Competitor B,88
A00344,Database,Competitor A,99
A00344,AI & ML,Competitor D,87
A00344,Security,Competitor C,84
A00344,Integration,Competitor C,72
A00346,Infrastructure,Competitor D,73
A00346,Database,Competitor A,49
A00346,AI & ML,Competitor D,51
A00346,Applications,Competitor A,58
A00346,Integration,Competitor A,98
A00347,Infrastructure,Competitor D,83
A00347,AI & ML,Competitor C,98
A00347,Security,Competitor B,98
A00347,Applications,Competitor C,97
A00347,Integration,Competitor B,76
A00348,Analytics & Data,Competitor B,90
A00348,AI & ML,Competitor D,79
A00348,Security,Competitor C,99
A00348,Applications,Competitor B,98
A00348,Integration,Competitor A,84
A00349,Infrastructure,Competitor A,83
A00349,Database,Competitor A,49
A00349,Analytics & Data,Competitor C,98
A00349,Security,Competitor B,71
A00350,Analytics & Data,Competitor B,97
A00350,Applications,Competitor C,84
A00350,Integration,Competitor A,75
A00351,Database,Competitor A,24
A00351,Analytics & Data,Competitor C,76
A00351,AI & ML,Competitor B,14
A00352,Infrastructure,Competitor A,39
A00352,Analytics & Data,Competitor C,48
A00352,AI & ML,Competitor A,17
A00352,Applications,Competitor D,73
A00352,Integration,Competitor C,86
A00353,Infrastructure,Competitor A,55
A00353,Security,Competitor D,92
A00354,Infrastructure,Competitor C,87
A00354,Database,Competitor D,98
A00354,Analytics & Data,Competitor D,76
A00354,AI & ML,Competitor D,81
A00354,Security,Competitor B,100
A00354,Applications,Competitor D,83
A00354,Integration,Competitor B,49
A00355,Analytics & Data,Competitor C,65
A00355,AI & ML,Competitor A,84
A00355,Security,Competitor C,66
A00355,Applications,Competitor B,58
A00356,Infrastructure,Competitor A,62
A00356,Database,Competitor A,10
A00356,AI & ML,Competitor D,97
A00356,Security,Competitor A,80
A00356,Applications,Competitor D,99
A00356,Integration,Competitor D,100
A00357,Infrastructure,Competitor D,97
A00357,AI & ML,Competitor A,73
A00357,Security,Competitor C,88
A00357,Applications,Competitor C,44
A00357,Integration,Competitor D,76
A00358,Infrastructure,Competitor A,69
A00358,Database,Competitor B,97
A00358,Analytics & Data,Competitor D,100
A00358,AI & ML,Competitor A,88
A00358,Security,Competitor A,97
A00358,Integration,Competitor C,37
A00359,Infrastructure,Competitor C,86
A00359,Database,Competitor C,44
A00359,Analytics & Data,Competitor D,17
A00359,Security,Competitor B,38
A00359,Applications,Competitor B,80
A00360,Infrastructure,Competitor B,38
A00360,Applications,Competitor A,90
A00360,Integration,Competitor D,91
A00361,Infrastructure,Competitor B,61
A00361,Database,Competitor C,85
A00361,Security,Competitor A,79
A00361,Integration,Competitor B,40
A00362,Infrastructure,Competitor A,84
A00363,Infrastructure,Competitor A,97
A00363,Database,Competitor D,74
A00363,Analytics & Data,Competitor D,100
A00363,Security,Competitor D,100
A00363,Applications,Competitor C,75
A00363,Integration,Competitor B,99
A00364,Analytics & Data,Competitor A,83
A00364,AI & ML,Competitor C,90
A00364,Security,Competitor A,98
A00364,Applications,Competitor B,98
A00364,Integration,Competitor A,99
A00365,Database,Competitor A,76
A00365,Analytics & Data,Competitor C,42
A00365,AI & ML,Competitor B,69
A00365,Security,Competitor B,70
A00366,Infrastructure,Competitor C,73
A00366,Analytics & Data,Competitor A,99
A00366,AI & ML,Competitor A,89
A00366,Applications,Competitor B,98
A00366,Integration,Competitor A,79
A00367,Database,Competitor A,58
A00367,Security,Competitor A,17
A00367,Applications,Competitor B,39
A00368,Infrastructure,Competitor C,43
A00368,Security,Competitor A,97
A00368,Applications,Competitor B,47
A00369,Database,Competitor C,98
A00369,AI & ML,Competitor C,49
A00369,Security,Competitor A,36
A00369,Applications,Competitor A,69
A00370,Security,Competitor A,36
A00371,Database,Competitor B,43
A00371,AI & ML,Competitor A,53
A00371,Security,Competitor D,76
A00371,Integration,Competitor D,40
A00372,Database,Competitor A,89
A00372,Analytics & Data,Competitor B,90
A00372,AI & ML,Competitor D,99
A00372,Security,Competitor C,99
A00372,Applications,Competitor C,79
A00372,Integration,Competitor C,76
A00373,Database,Competitor A,74
A00373,Security,Competitor D,97
A00373,Applications,Competitor B,72
A00373,Integration,Competitor D,72
A00374,AI & ML,Competitor B,17
A00374,Security,Competitor C,49
A00375,Database,Competitor A,83
A00375,Analytics & Data,Competitor A,65
A00375,Applications,Competitor C,52
A00376,Database,Competitor D,100
A00376,Analytics & Data,Competitor A,98
A00376,AI & ML,Competitor A,69
A00376,Security,Competitor C,99
A00376,Integration,Competitor D,92
A00377,Infrastructure,Competitor B,69
A00377,Database,Competitor A,84
A00377,AI & ML,Competitor A,84
A00377,Security,Competitor C,99
A00378,Infrastructure,Competitor B,98
A00378,Database,Competitor D,44
A00378,Analytics & Data,Competitor B,99
A00378,Security,Competitor C,92
A00378,Integration,Competitor C,97
A00379,Database,Competitor C,88
A00379,Analytics & Data,Competitor A,80
A00379,AI & ML,Competitor B,28
A00379,Applications,Competitor D,84
A00380,Infrastructure,Competitor D,37
A00380,Database,Competitor B,85
A00380,Analytics & Data,Competitor D,86
A00380,Security,Competitor B,91
A00380,Applications,Competitor B,84
A00380,Integration,Competitor A,84
A00381,Analytics & Data,Competitor C,15
A00381,Security,Competitor C,14
A00382,Infrastructure,Competitor C,38
A00382,AI & ML,Competitor C,19
A00383,Security,Competitor C,87
A00383,Integration,Competitor D,73
A00385,Infrastructure,Competitor B,71
A00385,Database,Competitor D,79
A00385,AI & ML,Competitor C,97
A00385,Security,Competitor A,97
A00386,Database,Competitor C,92
A00386,Analytics & Data,Competitor B,81
A00386,AI & ML,Competitor B,80
A00386,Applications,Competitor C,88
A00386,Integration,Competitor C,89
A00387,Infrastructure,Competitor D,69
A00387,Database,Competitor C,70
A00387,Security,Competitor D,97
A00387,Integration,Competitor A,73
A00388,Database,Competitor A,52
A00388,Analytics & Data,Competitor B,63
A00388,Security,Competitor D,71
A00388,Applications,Competitor D,99
A00389,Database,Competitor A,75
A00389,Security,Competitor D,85
A00389,Applications,Competitor D,80
A00389,Integration,Competitor B,82
A00390,Database,Competitor A,86
A00390,Analytics & Data,Competitor A,71
A00390,AI & ML,Competitor C,57
A00390,Security,Competitor C,92
A00390,Applications,Competitor B,43
A00391,Database,Competitor B,67
A00391,Analytics & Data,Competitor D,42
A00391,AI & ML,Competitor D,48
A00391,Applications,Competitor C,45
A00391,Integration,Competitor B,48
A00392,Analytics & Data,Competitor C,78
A00392,AI & ML,Competitor B,69
A00392,Integration,Competitor C,57
A00393,Database,Competitor C,93
A00393,Analytics & Data,Competitor A,61
A00393,AI & ML,Competitor A,88
A00393,Integration,Competitor B,69
A00394,Infrastructure,Competitor A,100
A00394,Database,Competitor B,64
A00394,Analytics & Data,Competitor D,86
A00394,AI & ML,Competitor D,100
A00394,Applications,Competitor D,97
A00394,Integration,Competitor B,47
A00395,Infrastructure,Competitor C,68
A00395,Database,Competitor C,98
A00395,Analytics & Data,Competitor C,75
A00395,AI & ML,Competitor A,98
A00395,Security,Competitor C,99
A00395,Applications,Competitor A,100
A00395,Integration,Competitor A,77
A00396,Analytics & Data,Competitor A,98
A00396,AI & ML,Competitor D,98
A00396,Security,Competitor B,100
A00396,Applications,Competitor B,97
A00396,Integration,Competitor A,97
A00397,Infrastructure,Competitor A,92
A00397,Database,Competitor C,83
A00397,Analytics & Data,Competitor A,63
A00397,AI & ML,Competitor C,70
A00397,Security,Competitor C,46
A00397,Integration,Competitor A,84
A00398,AI & ML,Competitor C,63
A00398,Integration,Competitor A,43
A00399,Database,Competitor C,42
A00399,Analytics & Data,Competitor D,44
A00400,Integration,Competitor C,37
A00401,Infrastructure,Competitor B,77
A00401,Database,Competitor C,100
A00401,Analytics & Data,Competitor A,33
A00401,AI & ML,Competitor A,50
A00401,Security,Competitor A,100
A00401,Applications,Competitor A,69
A00401,Integration,Competitor D,98
A00402,Applications,Competitor A,53
A00403,Infrastructure,Competitor D,46
A00403,Security,Competitor D,18
A00404,Infrastructure,Competitor C,98
A00404,Database,Competitor B,71
A00404,AI & ML,Competitor C,85
A00404,Integration,Competitor D,71
A00405,Security,Competitor A,45
A00406,Database,Competitor A,40
A00406,Analytics & Data,Competitor D,98
A00406,AI & ML,Competitor D,86
A00406,Security,Competitor C,85
A00406,Applications,Competitor D,82
A00406,Integration,Competitor B,35
A00407,Database,Competitor D,25
A00407,Integration,Competitor D,14
A00408,Infrastructure,Competitor D,69
A00408,Database,Competitor C,63
A00408,Analytics & Data,Competitor B,59
A00408,Security,Competitor B,90
A00408,Applications,Competitor C,89
A00408,Integration,Competitor A,72
A00409,Database,Competitor A,20
A00409,Analytics & Data,Competitor C,74
A00410,Infrastructure,Competitor C,55
A00410,Database,Competitor B,85
A00410,AI & ML,Competitor B,69
A00410,Security,Competitor C,50
A00410,Integration,Competitor A,84
A00411,Infrastructure,Competitor D,11
A00411,Applications,Competitor B,35
A00411,Integration,Competitor D,62
A00412,Database,Competitor B,11
A00412,Analytics & Data,Competitor B,91
A00412,AI & ML,Competitor C,64
A00412,Security,Competitor D,76
A00412,Applications,Competitor C,74
A00413,Database,Competitor D,92
A00413,Analytics & Data,Competitor D,100
A00413,Applications,Competitor A,52
A00413,Integration,Competitor D,70
A00414,Infrastructure,Competitor A,85
A00414,Database,Competitor C,100
A00414,Analytics & Data,Competitor C,79
A00414,AI & ML,Competitor D,75
A00414,Security,Competitor A,98
A00414,Applications,Competitor D,98
A00414,Integration,Competitor A,82
A00415,Analytics & Data,Competitor D,88
A00415,Security,Competitor B,83
A00415,Applications,Competitor A,97
A00416,Integration,Competitor A,59
A00417,Analytics & Data,Competitor B,81
A00417,AI & ML,Competitor A,81
A00417,Security,Competitor B,72
A00417,Applications,Competitor C,97
A00418,Infrastructure,Competitor D,97
A00418,Database,Competitor A,97
A00418,Analytics & Data,Competitor C,84
A00418,AI & ML,Competitor B,77
A00418,Integration,Competitor D,87
A00419,Database,Competitor D,39
A00419,Analytics & Data,Competitor D,55
A00419,AI & ML,Competitor B,89
A00419,Security,Competitor D,92
A00419,Applications,Competitor A,67
A00420,Infrastructure,Competitor A,60
A00420,Database,Competitor B,67
A00420,Analytics & Data,Competitor A,63
A00420,AI & ML,Competitor D,86
A00420,Security,Competitor A,51
A00420,Applications,Competitor A,71
A00420,Integration,Competitor A,37
A00421,Analytics & Data,Competitor C,79
A00421,Applications,Competitor B,76
A00422,Database,Competitor D,19
A00422,Analytics & Data,Competitor A,11
A00423,Infrastructure,Competitor A,68
A00423,Analytics & Data,Competitor D,97
A00423,AI & ML,Competitor B,84
A00423,Security,Competitor D,74
A00423,Integration,Competitor B,75
A00424,Infrastructure,Competitor D,38
A00424,Database,Competitor C,56
A00424,AI & ML,Competitor C,89
A00424,Security,Competitor C,55
A00424,Integration,Competitor C,69
A00425,Database,Competitor D,89
A00425,AI & ML,Competitor D,60
A00427,Infrastructure,Competitor C,97
A00427,Database,Competitor D,72
A00427,Analytics & Data,Competitor D,70
A00427,Security,Competitor C,80
A00427,Integration,Competitor C,99
A00428,Infrastructure,Competitor C,83
A00428,Analytics & Data,Competitor B,93
A00428,Security,Competitor C,38
A00428,Applications,Competitor A,70
A00428,Integration,Competitor D,85
A00429,Infrastructure,Competitor A,61
A00429,Database,Competitor D,38
A00429,Integration,Competitor C,37
A00430,Infrastructure,Competitor A,99
A00430,Database,Competitor A,88
A00430,Analytics & Data,Competitor A,55
A00430,Applications,Competitor B,78
A00430,Integration,Competitor C,39
A00432,Analytics & Data,Competitor A,82
A00432,AI & ML,Competitor D,42
A00432,Security,Competitor B,67
A00433,Infrastructure,Competitor D,41
A00433,Analytics & Data,Competitor B,40
A00434,Infrastructure,Competitor A,84
A00434,Analytics & Data,Competitor C,90
A00434,Applications,Competitor C,64
A00434,Integration,Competitor C,91
A00435,Infrastructure,Competitor A,89
A00435,Database,Competitor C,84
A00435,Analytics & Data,Competitor B,63
A00435,Security,Competitor A,75
A00435,Applications,Competitor C,78
A00436,Infrastructure,Competitor C,37
A00436,Analytics & Data,Competitor D,51
A00436,AI & ML,Competitor B,35
A00437,Infrastructure,Competitor B,84
A00437,Security,Competitor A,97
A00437,Integration,Competitor B,68
A00438,Security,Competitor A,91
A00439,Infrastructure,Competitor B,91
A00439,Analytics & Data,Competitor B,51
A00439,AI & ML,Competitor A,73
A00441,Database,Competitor C,53
A00441,AI & ML,Competitor A,74
A00441,Security,Competitor B,76
A00442,Infrastructure,Competitor D,100
A00442,AI & ML,Competitor C,100
A00442,Security,Competitor A,78
A00442,Applications,Competitor B,38
A00442,Integration,Competitor A,100
A00443,Infrastructure,Competitor B,79
A00443,AI & ML,Competitor C,66
A00444,Infrastructure,Competitor D,49
A00444,Database,Competitor C,64
A00444,Analytics & Data,Competitor D,70
A00444,AI & ML,Competitor A,100
A00444,Applications,Competitor D,88
A00445,Database,Competitor B,98
A00445,AI & ML,Competitor A,97
A00445,Security,Competitor B,100
A00445,Applications,Competitor D,64
A00445,Integration,Competitor B,69
A00446,Database,Competitor B,98
A00446,Analytics & Data,Competitor A,85
A00446,AI & ML,Competitor A,97
A00446,Security,Competitor D,53
A00446,Applications,Competitor B,84
A00446,Integration,Competitor D,84
A00447,Infrastructure,Competitor A,97
A00447,Analytics & Data,Competitor A,86
A00447,Security,Competitor C,38
A00447,Applications,Competitor D,69
A00447,Integration,Competitor B,88
A00448,Database,Competitor D,38
A00449,Analytics & Data,Competitor C,41
A00449,AI & ML,Competitor D,30
A00449,Security,Competitor C,36
A00449,Applications,Competitor D,25
A00450,Database,Competitor A,40
A00450,Analytics & Data,Competitor D,93
A00450,Integration,Competitor C,75
A00451,Infrastructure,Competitor C,100
A00451,Database,Competitor C,49
A00451,Analytics & Data,Competitor A,100
A00451,Applications,Competitor B,68
A00451,Integration,Competitor B,72
A00452,Infrastructure,Competitor A,71
A00452,Analytics & Data,Competitor B,99
A00452,AI & ML,Competitor D,93
A00452,Security,Competitor D,99
A00452,Applications,Competitor A,80
A00452,Integration,Competitor D,42
A00453,Analytics & Data,Competitor A,49
A00453,Applications,Competitor C,86
A00453,Integration,Competitor B,62
A00454,Infrastructure,Competitor D,63
A00454,Database,Competitor A,75
A00454,AI & ML,Competitor A,90
A00454,Security,Competitor A,48
A00455,Infrastructure,Competitor A,75
A00455,Database,Competitor C,50
A00455,Analytics & Data,Competitor C,84
A00455,Security,Competitor D,85
A00455,Applications,Competitor B,97
A00456,Infrastructure,Competitor B,79
A00456,Database,Competitor A,99
A00456,Analytics & Data,Competitor C,73
A00456,AI & ML,Competitor B,64
A00456,Security,Competitor A,82
A00456,Applications,Competitor D,73
A00456,Integration,Competitor B,97
A00457,Infrastructure,Competitor B,85
A00457,Applications,Competitor A,55
A00458,Database,Competitor C,77
A00458,Security,Competitor B,62
A00458,Applications,Competitor C,50
A00459,Infrastructure,Competitor D,87
A00459,Security,Competitor D,78
A00459,Applications,Competitor D,87
A00459,Integration,Competitor A,61
A00460,Database,Competitor C,79
A00460,AI & ML,Competitor A,59
A00460,Security,Competitor D,43
A00462,Infrastructure,Competitor A,35
A00462,Database,Competitor D,68
A00462,Analytics & Data,Competitor C,79
A00462,Security,Competitor B,42
A00463,Database,Competitor D,99
A00463,Analytics & Data,Competitor A,97
A00463,AI & ML,Competitor D,100
A00463,Security,Competitor A,80
A00463,Applications,Competitor C,99
A00463,Integration,Competitor C,98
A00464,Database,Competitor C,36
A00464,Analytics & Data,Competitor C,61
A00464,AI & ML,Competitor D,85
A00465,Infrastructure,Competitor D,97
A00465,Database,Competitor C,69
A00465,Analytics & Data,Competitor D,81
A00465,AI & ML,Competitor B,78
A00465,Security,Competitor A,76
A00465,Applications,Competitor A,36
A00465,Integration,Competitor A,98
A00466,Security,Competitor D,26
A00466,Applications,Competitor C,56
A00467,Infrastructure,Competitor C,72
A00467,Database,Competitor C,80
A00467,Analytics & Data,Competitor C,77
A00467,Security,Competitor D,92
A00467,Integration,Competitor C,80
A00468,AI & ML,Competitor C,36
A00468,Integration,Competitor B,92
A00469,Infrastructure,Competitor B,100
A00469,Database,Competitor D,97
A00469,Analytics & Data,Competitor B,99
A00469,AI & ML,Competitor B,98
A00469,Security,Competitor C,80
A00470,Applications,Competitor C,51
A00470,Integration,Competitor A,25
A00471,Infrastructure,Competitor D,88
A00471,Database,Competitor D,39
A00471,Analytics & Data,Competitor D,68
A00471,Security,Competitor A,93
A00471,Applications,Competitor C,99
A00471,Integration,Competitor B,97
A00473,Analytics & Data,Competitor A,91
A00473,AI & ML,Competitor C,89
A00474,Security,Competitor A,49
A00474,Applications,Competitor B,70
A00474,Integration,Competitor C,100
A00475,Infrastructure,Competitor A,88
A00475,Database,Competitor A,97
A00475,Analytics & Data,Competitor A,99
A00475,Security,Competitor C,99
A00475,Applications,Competitor D,81
A00475,Integration,Competitor C,97
A00476,Infrastructure,Competitor A,100
A00476,Database,Competitor D,99
A00476,Analytics & Data,Competitor B,91
A00476,AI & ML,Competitor C,98
A00476,Security,Competitor B,99
A00476,Applications,Competitor D,97
A00476,Integration,Competitor A,97
A00477,Database,Competitor D,48
A00478,Analytics & Data,Competitor D,98
A00478,AI & ML,Competitor D,100
A00478,Security,Competitor A,98
A00478,Integration,Competitor C,73
A00479,Database,Competitor A,36
A00479,Security,Competitor D,53
A00479,Integration,Competitor A,37
A00480,Security,Competitor C,39
A00482,Database,Competitor D,80
A00482,Analytics & Data,Competitor B,49
A00482,AI & ML,Competitor C,88
A00482,Integration,Competitor D,54
A00483,Infrastructure,Competitor B,90
A00483,Database,Competitor C,97
A00483,AI & ML,Competitor A,68
A00483,Applications,Competitor B,70
A00483,Integration,Competitor A,76
A00484,Infrastructure,Competitor C,97
A00484,Database,Competitor C,71
A00484,Security,Competitor C,72
A00484,Applications,Competitor C,85
A00484,Integration,Competitor A,92
A00485,Database,Competitor D,62
A00485,Analytics & Data,Competitor C,85
A00485,AI & ML,Competitor D,80
A00485,Applications,Competitor D,80
A00485,Integration,Competitor D,100
A00486,Database,Competitor C,97
A00486,Analytics & Data,Competitor A,69
A00486,AI & ML,Competitor C,56
A00486,Applications,Competitor B,78
A00487,Analytics & Data,Competitor B,59
A00487,Security,Competitor B,35
A00487,Applications,Competitor A,43
A00488,Infrastructure,Competitor B,99
A00488,Analytics & Data,Competitor A,74
A00488,AI & ML,Competitor C,73
A00488,Security,Competitor A,72
A00488,Applications,Competitor D,75
A00489,Infrastructure,Competitor A,91
A00489,Database,Competitor B,100
A00489,Analytics & Data,Competitor B,81
A00489,Security,Competitor D,75
A00489,Applications,Competitor C,98
A00490,Database,Competitor D,100
A00490,Analytics & Data,Competitor C,39
A00490,AI & ML,Competitor D,78
A00490,Applications,Competitor A,98
A00490,Integration,Competitor C,79
A00491,Database,Competitor C,48
A00491,Applications,Competitor A,49
A00492,Infrastructure,Competitor C,50
A00492,Database,Competitor A,82
A00492,Analytics & Data,Competitor A,99
A00492,AI & ML,Competitor C,98
A00492,Security,Competitor C,99
A00492,Applications,Competitor D,93
A00493,Infrastructure,Competitor C,93
A00493,Database,Competitor B,74
A00493,Analytics & Data,Competitor B,72
A00493,AI & ML,Competitor B,99
A00493,Integration,Competitor D,68
A00494,Database,Competitor C,74
A00494,Security,Competitor D,34
A00495,Infrastructure,Competitor B,72
A00495,Database,Competitor D,99
A00495,Analytics & Data,Competitor A,89
A00495,Security,Competitor C,79
A00496,Infrastructure,Competitor C,98
A00496,Database,Competitor C,97
A00496,Analytics & Data,Competitor D,99
A00496,AI & ML,Competitor B,78
A00496,Applications,Competitor C,87
A00496,Integration,Competitor B,75
A00497,Infrastructure,Competitor A,41
A00497,Database,Competitor C,98
A00497,Analytics & Data,Competitor A,84
A00497,Applications,Competitor D,90
A00497,Integration,Competitor B,74
A00498,Database,Competitor B,100
A00498,Security,Competitor A,70
A00498,Applications,Competitor C,91
A00498,Integration,Competitor B,48
A00499,Database,Competitor B,45
A00499,Security,Competitor D,100
A00500,Infrastructure,Competitor D,100
A00500,Analytics & Data,Competitor B,79
A00500,AI & ML,Competitor A,70
A00500,Security,Competitor B,77
A00500,Integration,Competitor D,84
A00501,Database,Competitor B,70
A00501,Analytics & Data,Competitor A,63
A00501,AI & ML,Competitor B,93
A00501,Security,Competitor D,74
A00501,Applications,Competitor B,62
A00501,Integration,Competitor D,53
A00502,Infrastructure,Competitor C,60
A00502,Analytics & Data,Competitor A,50
A00502,Integration,Competitor A,57
A00503,Infrastructure,Competitor A,100
A00503,Database,Competitor B,38
A00503,Analytics & Data,Competitor A,98
A00503,AI & ML,Competitor A,89
A00503,Security,Competitor C,99
A00503,Applications,Competitor C,99
A00503,Integration,Competitor D,98
A00504,Infrastructure,Competitor D,65
A00504,Database,Competitor B,90
A00504,Analytics & Data,Competitor A,98
A00504,AI & ML,Competitor C,100
A00504,Security,Competitor A,80
A00504,Applications,Competitor D,98
A00505,Infrastructure,Competitor D,77
A00505,Database,Competitor A,98
A00505,Analytics & Data,Competitor C,40
A00505,AI & ML,Competitor C,43
A00505,Applications,Competitor C,98
A00505,Integration,Competitor C,37
A00506,Infrastructure,Competitor B,59
A00506,Analytics & Data,Competitor A,100
A00506,AI & ML,Competitor B,100
A00506,Applications,Competitor A,97
A00507,Database,Competitor D,49
A00508,Infrastructure,Competitor B,46
A00508,AI & ML,Competitor D,13
A00508,Security,Competitor C,66
A00508,Applications,Competitor B,42
A00509,Database,Competitor B,66
A00509,AI & ML,Competitor C,37
A00509,Security,Competitor A,100
A00509,Applications,Competitor C,80
A00510,Analytics & Data,Competitor D,75
A00510,AI & ML,Competitor B,85
A00510,Applications,Competitor C,93
A00510,Integration,Competitor A,77
A00511,Infrastructure,Competitor A,84
A00511,Database,Competitor D,35
A00511,AI & ML,Competitor C,71
A00511,Security,Competitor C,92
A00511,Applications,Competitor C,71
A00512,Database,Competitor B,98
A00512,AI & ML,Competitor A,78
A00512,Applications,Competitor D,70
A00512,Integration,Competitor B,71
A00513,Analytics & Data,Competitor C,54
A00513,Integration,Competitor B,37
A00514,Database,Competitor C,77
A00515,AI & ML,Competitor B,56
A00515,Security,Competitor D,30
A00516,Infrastructure,Competitor A,90
A00516,Security,Competitor D,17
A00517,AI & ML,Competitor B,92
A00517,Security,Competitor D,56
A00517,Applications,Competitor B,73
A00518,Security,Competitor A,22
A00518,Applications,Competitor C,74
A00518,Integration,Competitor C,85
A00519,Infrastructure,Competitor D,26
A00519,AI & ML,Competitor C,50
A00520,Infrastructure,Competitor A,83
A00520,Database,Competitor D,72
A00520,Analytics & Data,Competitor C,77
A00520,AI & ML,Competitor A,87
A00520,Integration,Competitor B,100
A00521,Analytics & Data,Competitor B,76
A00522,Infrastructure,Competitor B,67
A00522,Database,Competitor D,38
A00522,Analytics & Data,Competitor A,79
A00522,AI & ML,Competitor B,56
A00523,Infrastructure,Competitor D,69
A00523,Database,Competitor C,53
A00524,Infrastructure,Competitor C,98
A00524,Database,Competitor C,89
A00524,AI & ML,Competitor C,100
A00524,Security,Competitor A,73
A00524,Applications,Competitor D,98
A00524,Integration,Competitor B,100
A00525,Infrastructure,Competitor B,59
A00525,Database,Competitor D,98
A00525,Analytics & Data,Competitor A,100
A00525,Security,Competitor B,80
A00525,Applications,Competitor A,81
A00525,Integration,Competitor A,98
A00526,Infrastructure,Competitor B,61
A00526,Integration,Competitor C,56
A00527,Infrastructure,Competitor C,79
A00527,AI & ML,Competitor A,87
A00527,Applications,Competitor D,90
A00528,Database,Competitor B,81
A00528,Analytics & Data,Competitor D,68
A00528,Security,Competitor D,52
A00529,Infrastructure,Competitor B,100
A00529,Database,Competitor B,88
A00529,Analytics & Data,Competitor B,82
A00529,AI & ML,Competitor C,99
A00529,Security,Competitor A,68
A00529,Applications,Competitor A,97
A00530,Infrastructure,Competitor A,90
A00530,Database,Competitor C,98
A00530,Analytics & Data,Competitor B,84
A00530,Security,Competitor D,79
A00530,Applications,Competitor D,77
A00531,Infrastructure,Competitor C,77
A00531,Database,Competitor D,68
A00531,Security,Competitor C,72
A00531,Applications,Competitor B,68
A00531,Integration,Competitor B,74
A00532,AI & ML,Competitor C,43
A00532,Security,Competitor C,56
A00534,Infrastructure,Competitor D,79
A00534,Applications,Competitor D,56
A00534,Integration,Competitor A,62
A00535,Infrastructure,Competitor D,91
A00535,Database,Competitor B,98
A00535,Security,Competitor A,70
A00535,Applications,Competitor C,82
A00535,Integration,Competitor D,71
A00536,AI & ML,Competitor D,36
A00536,Security,Competitor A,50
A00536,Integration,Competitor C,38
A00537,Infrastructure,Competitor C,93
A00537,AI & ML,Competitor C,20
A00538,Database,Competitor D,97
A00538,Analytics & Data,Competitor A,88
A00538,Security,Competitor C,98
A00538,Applications,Competitor B,40
A00539,Database,Competitor D,91
A00539,AI & ML,Competitor B,80
A00539,Security,Competitor C,48
A00539,Integration,Competitor C,100
A00540,Infrastructure,Competitor D,11
A00541,Database,Competitor B,89
A00541,Analytics & Data,Competitor C,71
A00541,AI & ML,Competitor C,84
A00541,Security,Competitor B,68
A00541,Applications,Competitor A,99
A00542,Database,Competitor B,71
A00542,Analytics & Data,Competitor D,98
A00542,Security,Competitor B,100
A00542,Applications,Competitor C,72
A00543,Infrastructure,Competitor C,41
A00543,Database,Competitor C,90
A00543,Analytics & Data,Competitor C,99
A00543,Security,Competitor C,50
A00544,Infrastructure,Competitor A,69
A00544,Analytics & Data,Competitor A,79
A00544,AI & ML,Competitor C,99
A00544,Security,Competitor C,98
A00544,Applications,Competitor D,99
A00544,Integration,Competitor C,74
A00545,Infrastructure,Competitor C,72
A00545,Database,Competitor B,71
A00545,Analytics & Data,Competitor D,80
A00545,AI & ML,Competitor C,69
A00545,Security,Competitor A,97
A00545,Integration,Competitor C,98
A00546,AI & ML,Competitor A,47
A00547,Infrastructure,Competitor C,74
A00548,Infrastructure,Competitor A,40
A00548,Database,Competitor B,98
A00548,AI & ML,Competitor C,56
A00548,Security,Competitor C,42
A00549,Infrastructure,Competitor B,98
A00549,Database,Competitor A,98
A00549,Analytics & Data,Competitor C,79
A00549,AI & ML,Competitor B,99
A00549,Security,Competitor B,98
A00549,Applications,Competitor B,84
A00549,Integration,Competitor B,80
A00550,Database,Competitor A,41
A00550,Applications,Competitor D,28
A00551,Database,Competitor B,72
A00551,Security,Competitor D,43
A00551,Applications,Competitor C,56
A00551,Integration,Competitor C,37
A00553,Database,Competitor D,100
A00553,Security,Competitor D,87
A00553,Integration,Competitor D,78
A00554,Database,Competitor C,86
A00554,AI & ML,Competitor D,100
A00554,Security,Competitor C,61
A00554,Applications,Competitor B,82
A00554,Integration,Competitor B,88
A00555,Infrastructure,Competitor A,100
A00555,Database,Competitor A,99
A00555,Analytics & Data,Competitor B,77
A00555,AI & ML,Competitor B,81
A00555,Applications,Competitor C,99
A00555,Integration,Competitor D,52
A00556,Infrastructure,Competitor D,100
A00556,Database,Competitor B,98
A00556,AI & ML,Competitor A,72
A00556,Security,Competitor D,93
A00556,Integration,Competitor B,100
A00558,Database,Competitor A,71
A00559,Infrastructure,Competitor D,70
A00559,Database,Competitor D,76
A00559,Analytics & Data,Competitor A,84
A00559,Security,Competitor D,93
A00559,Applications,Competitor B,86
A00559,Integration,Competitor C,97
A00560,Infrastructure,Competitor D,89
A00560,Database,Competitor B,100
A00560,Analytics & Data,Competitor A,100
A00560,AI & ML,Competitor A,99
A00560,Security,Competitor A,99
A00560,Applications,Competitor A,98
A00560,Integration,Competitor C,88
A00561,Database,Competitor C,49
A00561,AI & ML,Competitor C,65
A00561,Applications,Competitor B,57
A00562,Security,Competitor D,38
A00563,Infrastructure,Competitor B,60
A00563,Analytics & Data,Competitor D,52
A00563,AI & ML,Competitor B,97
A00564,Analytics & Data,Competitor A,99
A00564,AI & ML,Competitor B,100
A00564,Security,Competitor A,43
A00564,Applications,Competitor C,99
A00564,Integration,Competitor B,99
A00565,Infrastructure,Competitor C,21
A00565,Database,Competitor B,71
A00566,Security,Competitor C,89
A00567,Integration,Competitor D,51
A00568,Infrastructure,Competitor B,17
A00568,Security,Competitor A,67
A00569,Analytics & Data,Competitor C,49
A00569,AI & ML,Competitor C,99
A00570,Database,Competitor C,20
A00570,Analytics & Data,Competitor D,67
A00571,Database,Competitor C,74
A00571,Analytics & Data,Competitor C,97
A00571,AI & ML,Competitor B,100
A00571,Security,Competitor C,68
A00571,Applications,Competitor C,98
A00571,Integration,Competitor B,89
A00572,Database,Competitor B,58
A00572,Integration,Competitor C,48
A00573,Infrastructure,Competitor A,87
A00573,Database,Competitor C,86
A00573,Analytics & Data,Competitor C,100
A00573,Security,Competitor D,84
A00573,Applications,Competitor A,21
A00573,Integration,Competitor D,93
A00574,Infrastructure,Competitor C,99
A00574,Database,Competitor B,88
A00574,Analytics & Data,Competitor B,83
A00574,Security,Competitor B,50
A00574,Applications,Competitor A,87
A00575,Infrastructure,Competitor C,80
A00575,Database,Competitor C,71
A00575,Analytics & Data,Competitor D,82
A00575,Security,Competitor D,72
A00576,Infrastructure,Competitor C,13
A00577,Infrastructure,Competitor B,49
A00577,Database,Competitor C,61
A00577,Analytics & Data,Competitor C,58
A00577,AI & ML,Competitor A,39
A00577,Security,Competitor A,72
A00577,Applications,Competitor D,36
A00577,Integration,Competitor D,47
A00578,Infrastructure,Competitor A,99
A00578,Database,Competitor C,87
A00578,Analytics & Data,Competitor D,73
A00578,AI & ML,Competitor D,100
A00578,Security,Competitor B,42
A00578,Applications,Competitor B,88
A00578,Integration,Competitor A,62
A00579,Infrastructure,Competitor A,65
A00579,Integration,Competitor A,87
A00580,Database,Competitor B,46
A00580,Analytics & Data,Competitor B,72
A00580,AI & ML,Competitor B,79
A00580,Applications,Competitor C,63
A00580,Integration,Competitor A,60
A00581,Analytics & Data,Competitor D,59
A00581,AI & ML,Competitor A,69
A00581,Security,Competitor C,62
A00582,Infrastructure,Competitor D,99
A00582,Database,Competitor D,97
A00582,Analytics & Data,Competitor A,97
A00582,AI & ML,Competitor A,97
A00582,Security,Competitor A,97
A00582,Applications,Competitor C,89
A00582,Integration,Competitor B,97
A00583,Infrastructure,Competitor D,97
A00583,Database,Competitor D,97
A00583,Analytics & Data,Competitor B,97
A00583,AI & ML,Competitor D,98
A00583,Security,Competitor B,99
A00584,Infrastructure,Competitor C,98
A00584,Analytics & Data,Competitor D,100
A00584,Security,Competitor A,97
A00584,Applications,Competitor D,99
A00585,Analytics & Data,Competitor C,54
A00585,Applications,Competitor A,45
A00585,Integration,Competitor C,63
A00586,Infrastructure,Competitor C,97
A00586,Database,Competitor A,98
A00586,Analytics & Data,Competitor B,100
A00586,AI & ML,Competitor B,100
A00586,Security,Competitor A,100
A00587,Database,Competitor D,56
A00587,Analytics & Data,Competitor C,100
A00587,AI & ML,Competitor C,48
A00587,Security,Competitor B,72
A00587,Applications,Competitor A,61
A00587,Integration,Competitor D,98
A00588,Database,Competitor C,20
A00589,Infrastructure,Competitor C,64
A00589,AI & ML,Competitor C,65
A00589,Security,Competitor A,84
A00590,Infrastructure,Competitor C,40
A00590,Security,Competitor D,73
A00590,Applications,Competitor D,85
A00590,Integration,Competitor D,58
A00591,Infrastructure,Competitor C,97
A00591,Analytics & Data,Competitor D,85
A00591,Security,Competitor D,83
A00591,Applications,Competitor C,43
A00591,Integration,Competitor A,71
A00592,Infrastructure,Competitor B,98
A00592,Database,Competitor B,100
A00592,Analytics & Data,Competitor A,55
A00592,AI & ML,Competitor B,99
A00592,Security,Competitor A,99
A00592,Applications,Competitor B,99
A00592,Integration,Competitor D,97
A00593,Infrastructure,Competitor D,76
A00593,Database,Competitor A,86
A00593,Analytics & Data,Competitor D,77
A00593,AI & ML,Competitor D,87
A00593,Applications,Competitor C,91
A00594,AI & ML,Competitor A,40
A00594,Applications,Competitor C,16
A00594,Integration,Competitor D,46
A00595,Infrastructure,Competitor D,68
A00595,Analytics & Data,Competitor A,71
A00595,Security,Competitor C,99
A00595,Applications,Competitor B,76
A00596,Infrastructure,Competitor D,49
A00596,Analytics & Data,Competitor C,65
A00596,Applications,Competitor C,66
A00597,Infrastructure,Competitor B,65
A00597,Database,Competitor A,100
A00597,Analytics & Data,Competitor A,79
A00597,AI & ML,Competitor D,88
A00597,Security,Competitor C,91
A00597,Applications,Competitor C,83
A00597,Integration,Competitor D,85
A00598,Infrastructure,Competitor B,39
A00598,Analytics & Data,Competitor C,77
A00598,AI & ML,Competitor D,52
A00598,Security,Competitor C,70
A00598,Applications,Competitor B,54
A00598,Integration,Competitor D,55
A00599,Analytics & Data,Competitor B,88
A00599,Applications,Competitor C,99
A00600,Infrastructure,Competitor D,41
A00600,Database,Competitor A,90
A00600,Analytics & Data,Competitor D,12
A00600,Applications,Competitor D,46
A00601,Infrastructure,Competitor A,75
A00601,Analytics & Data,Competitor B,82
A00601,AI & ML,Competitor B,100
A00601,Applications,Competitor A,53
A00602,Database,Competitor C,51
A00602,Analytics & Data,Competitor C,45
A00602,AI & ML,Competitor B,97
A00602,Security,Competitor A,98
A00602,Applications,Competitor C,100
A00602,Integration,Competitor A,70
A00603,Infrastructure,Competitor B,83
A00604,Analytics & Data,Competitor D,84
A00604,Applications,Competitor D,81
A00605,Infrastructure,Competitor A,86
A00606,Infrastructure,Competitor A,74
A00606,AI & ML,Competitor D,73
A00606,Applications,Competitor B,20
A00606,Integration,Competitor D,44
A00607,Infrastructure,Competitor D,58
A00607,Security,Competitor B,50
A00607,Applications,Competitor C,42
A00607,Integration,Competitor D,15
A00608,Infrastructure,Competitor C,70
A00608,Database,Competitor C,77
A00608,Analytics & Data,Competitor D,93
A00608,AI & ML,Competitor D,76
A00608,Applications,Competitor C,79
A00609,Infrastructure,Competitor C,62
A00609,AI & ML,Competitor D,59
A00609,Security,Competitor B,42
A00610,Infrastructure,Competitor D,99
A00610,Database,Competitor A,78
A00610,Analytics & Data,Competitor C,100
A00610,Security,Competitor A,100
A00610,Applications,Competitor B,99
A00610,Integration,Competitor A,91
A00611,Database,Competitor C,61
A00612,Database,Competitor A,52
A00612,Analytics & Data,Competitor C,70
A00612,AI & ML,Competitor B,85
A00612,Security,Competitor B,99
A00612,Applications,Competitor D,52
A00612,Integration,Competitor B,82
A00613,Infrastructure,Competitor C,56
A00613,Database,Competitor D,98
A00613,Analytics & Data,Competitor B,97
A00613,Security,Competitor D,89
A00613,Applications,Competitor C,79
A00613,Integration,Competitor C,82
A00614,Infrastructure,Competitor B,45
A00614,Database,Competitor A,71
A00614,Analytics & Data,Competitor D,88
A00614,AI & ML,Competitor C,97
A00614,Security,Competitor C,69
A00614,Applications,Competitor D,35
A00614,Integration,Competitor C,80
A00615,Analytics & Data,Competitor B,67
A00615,Security,Competitor B,26
A00616,Infrastructure,Competitor C,52
A00616,AI & ML,Competitor D,86
A00616,Security,Competitor C,67
A00616,Applications,Competitor B,60
A00617,Analytics & Data,Competitor D,75
A00617,AI & ML,Competitor D,85
A00617,Security,Competitor D,97
A00617,Applications,Competitor A,65
A00617,Integration,Competitor D,82
A00618,Infrastructure,Competitor C,59
A00618,AI & ML,Competitor D,84
A00618,Security,Competitor B,73
A00618,Applications,Competitor C,72
A00618,Integration,Competitor B,55
A00619,Database,Competitor B,25
A00619,Analytics & Data,Competitor C,40
A00619,Applications,Competitor D,39
A00620,Database,Competitor D,61
A00620,AI & ML,Competitor C,74
A00620,Security,Competitor C,80
A00620,Applications,Competitor D,72
A00620,Integration,Competitor A,37
A00621,Infrastructure,Competitor D,100
A00621,Database,Competitor D,98
A00621,Analytics & Data,Competitor D,84
A00621,Security,Competitor D,76
A00621,Applications,Competitor C,84
A00621,Integration,Competitor B,82
A00622,Database,Competitor C,75
A00622,AI & ML,Competitor A,74
A00622,Integration,Competitor A,89
A00623,Infrastructure,Competitor D,98
A00623,Database,Competitor D,97
A00623,Analytics & Data,Competitor A,100
A00623,Security,Competitor A,98
A00623,Applications,Competitor D,93
A00623,Integration,Competitor D,80
A00624,Database,Competitor D,88
A00624,Analytics & Data,Competitor D,35
A00624,AI & ML,Competitor B,87
A00624,Security,Competitor C,38
A00624,Applications,Competitor B,81
A00624,Integration,Competitor D,71
A00625,Database,Competitor B,86
A00625,AI & ML,Competitor C,98
A00625,Security,Competitor A,98
A00625,Applications,Competitor A,74
A00626,Database,Competitor C,73
A00626,Analytics & Data,Competitor A,64
A00626,Applications,Competitor A,100
A00627,Infrastructure,Competitor D,97
A00627,Database,Competitor B,93
A00627,Analytics & Data,Competitor D,75
A00627,AI & ML,Competitor C,11
A00627,Integration,Competitor B,99
A00628,Infrastructure,Competitor A,41
A00628,Database,Competitor B,47
A00628,Analytics & Data,Competitor D,36
A00628,AI & ML,Competitor D,48
A00628,Security,Competitor B,73
A00628,Integration,Competitor B,42
A00629,Analytics & Data,Competitor C,25
A00629,Applications,Competitor C,44
A00629,Integration,Competitor C,10
A00630,Infrastructure,Competitor B,65
A00630,Database,Competitor C,100
A00630,Analytics & Data,Competitor D,49
A00630,AI & ML,Competitor A,98
A00630,Security,Competitor C,99
A00630,Applications,Competitor D,97
A00630,Integration,Competitor B,88
A00631,Security,Competitor D,42
A00631,Applications,Competitor B,65
A00632,Infrastructure,Competitor A,79
A00632,Security,Competitor C,99
A00632,Integration,Competitor A,85
A00633,Infrastructure,Competitor D,98
A00633,Analytics & Data,Competitor D,84
A00633,Security,Competitor C,99
A00633,Applications,Competitor C,98
A00634,Database,Competitor B,98
A00634,Analytics & Data,Competitor A,98
A00634,Security,Competitor D,84
A00634,Applications,Competitor A,73
A00634,Integration,Competitor D,63
A00635,Infrastructure,Competitor A,100
A00635,Database,Competitor D,100
A00635,Analytics & Data,Competitor A,99
A00635,AI & ML,Competitor C,75
A00635,Security,Competitor D,100
A00635,Applications,Competitor A,69
A00635,Integration,Competitor A,72
A00636,Infrastructure,Competitor C,72
A00636,Database,Competitor A,78
A00636,Analytics & Data,Competitor D,92
A00636,Security,Competitor B,99
A00636,Applications,Competitor D,99
A00637,Infrastructure,Competitor C,98
A00637,AI & ML,Competitor B,78
A00637,Security,Competitor D,35
A00638,Infrastructure,Competitor C,98
A00638,Analytics & Data,Competitor A,38
A00638,AI & ML,Competitor B,54
A00638,Integration,Competitor C,86
A00639,Infrastructure,Competitor D,60
A00639,Analytics & Data,Competitor C,69
A00639,Integration,Competitor D,20
A00641,Infrastructure,Competitor D,99
A00641,Database,Competitor C,98
A00641,Analytics & Data,Competitor C,99
A00641,AI & ML,Competitor B,99
A00641,Security,Competitor C,100
A00641,Applications,Competitor D,97
A00642,Infrastructure,Competitor B,38
A00642,AI & ML,Competitor B,58
A00642,Security,Competitor C,38
A00643,Infrastructure,Competitor C,100
A00643,Database,Competitor D,76
A00643,Security,Competitor A,97
A00643,Applications,Competitor D,82
A00644,Database,Competitor B,43
A00644,AI & ML,Competitor C,64
A00644,Security,Competitor D,86
A00644,Applications,Competitor D,38
A00645,Database,Competitor B,85
A00645,Analytics & Data,Competitor D,79
A00645,AI & ML,Competitor C,78
A00645,Integration,Competitor B,71
A00646,Database,Competitor B,90
A00646,Analytics & Data,Competitor D,92
A00646,AI & ML,Competitor C,99
A00646,Applications,Competitor D,88
A00647,Infrastructure,Competitor B,97
A00647,Analytics & Data,Competitor C,100
A00647,AI & ML,Competitor B,69
A00647,Security,Competitor D,75
A00647,Applications,Competitor C,93
A00647,Integration,Competitor B,71
A00648,AI & ML,Competitor B,61
A00648,Security,Competitor A,30
A00648,Applications,Competitor C,38
A00649,Infrastructure,Competitor C,81
A00649,Database,Competitor C,72
A00649,Analytics & Data,Competitor C,97
A00649,AI & ML,Competitor B,77
A00649,Security,Competitor C,72
A00649,Applications,Competitor C,28
A00649,Integration,Competitor A,77
A00650,Applications,Competitor B,51
A00650,Integration,Competitor C,53
A00651,Infrastructure,Competitor B,65
A00651,Database,Competitor B,38
A00651,AI & ML,Competitor C,50
A00651,Security,Competitor B,54
A00651,Applications,Competitor A,56
A00651,Integration,Competitor D,38
A00652,Infrastructure,Competitor D,36
A00652,Database,Competitor A,64
A00652,Analytics & Data,Competitor D,97
A00652,Applications,Competitor A,90
A00653,Database,Competitor C,85
A00653,Analytics & Data,Competitor D,37
A00653,Security,Competitor A,98
A00653,Applications,Competitor D,97
A00653,Integration,Competitor B,61
A00654,Infrastructure,Competitor C,23
A00654,Database,Competitor B,65
A00654,AI & ML,Competitor D,46
A00654,Security,Competitor C,60
A00654,Applications,Competitor A,12
A00655,Analytics & Data,Competitor B,22
A00655,Integration,Competitor A,53
A00656,Infrastructure,Competitor C,69
A00656,Analytics & Data,Competitor B,45
A00656,AI & ML,Competitor A,85
A00657,Infrastructure,Competitor A,98
A00657,Database,Competitor B,99
A00657,AI & ML,Competitor D,88
A00658,Database,Competitor B,72
A00658,Analytics & Data,Competitor B,50
A00658,Security,Competitor D,77
A00658,Applications,Competitor B,93
A00658,Integration,Competitor D,98
A00659,Analytics & Data,Competitor C,84
A00659,Security,Competitor D,34
A00659,Integration,Competitor D,67
A00660,Database,Competitor B,84
A00661,Integration,Competitor A,36
A00662,Database,Competitor B,10
A00662,Analytics & Data,Competitor A,11
A00662,AI & ML,Competitor D,70
A00664,Infrastructure,Competitor B,71
A00664,Database,Competitor C,69
A00664,Analytics & Data,Competitor B,72
A00664,Security,Competitor B,89
A00665,Infrastructure,Competitor C,97
A00665,Database,Competitor B,99
A00665,Analytics & Data,Competitor B,97
A00665,Security,Competitor C,99
A00665,Applications,Competitor B,100
A00665,Integration,Competitor B,15
A00666,Infrastructure,Competitor A,75
A00666,Database,Competitor C,93
A00666,Analytics & Data,Competitor C,74
A00666,AI & ML,Competitor B,85
A00666,Security,Competitor D,82
A00666,Applications,Competitor D,63
A00666,Integration,Competitor B,93
A00667,Database,Competitor B,39
A00667,Analytics & Data,Competitor D,39
A00667,AI & ML,Competitor C,64
A00667,Integration,Competitor C,88
A00668,Database,Competitor D,90
A00668,Analytics & Data,Competitor A,72
A00668,AI & ML,Competitor C,97
A00668,Security,Competitor D,93
A00668,Applications,Competitor D,71
A00669,Infrastructure,Competitor B,100
A00669,Security,Competitor A,90
A00669,Applications,Competitor C,41
A00669,Integration,Competitor A,98
A00670,Infrastructure,Competitor A,99
A00670,Database,Competitor C,73
A00670,Analytics & Data,Competitor A,80
A00670,Security,Competitor B,97
A00670,Applications,Competitor C,98
A00670,Integration,Competitor C,100
A00671,Infrastructure,Competitor D,97
A00671,Database,Competitor B,97
A00671,Analytics & Data,Competitor A,97
A00671,AI & ML,Competitor D,100
A00671,Security,Competitor B,100
A00671,Applications,Competitor A,97
A00671,Integration,Competitor B,100
A00672,Infrastructure,Competitor B,97
A00672,Database,Competitor D,100
A00672,Analytics & Data,Competitor D,93
A00672,Security,Competitor B,98
A00672,Applications,Competitor C,62
A00672,Integration,Competitor D,97
A00673,Infrastructure,Competitor A,48
A00673,Database,Competitor A,52
A00673,AI & ML,Competitor A,45
A00673,Security,Competitor A,98
A00673,Applications,Competitor B,50
A00674,Infrastructure,Competitor B,62
A00674,Security,Competitor D,32
A00675,Applications,Competitor A,71
A00676,Infrastructure,Competitor D,88
A00676,Database,Competitor D,100
A00676,Analytics & Data,Competitor C,99
A00676,Security,Competitor D,71
A00676,Applications,Competitor C,74
A00677,Database,Competitor D,87
A00677,Analytics & Data,Competitor C,10
A00677,Security,Competitor D,45
A00677,Applications,Competitor A,72
A00677,Integration,Competitor D,52
A00678,Infrastructure,Competitor C,91
A00678,Security,Competitor B,30
A00679,Infrastructure,Competitor C,45
A00679,Database,Competitor D,68
A00679,Analytics & Data,Competitor C,18
A00679,Security,Competitor B,29
A00680,Database,Competitor A,100
A00680,AI & ML,Competitor A,99
A00680,Security,Competitor C,62
A00680,Applications,Competitor A,98
A00681,Analytics & Data,Competitor C,39
A00681,Security,Competitor C,76
A00681,Applications,Competitor B,80
A00681,Integration,Competitor C,65
A00682,Database,Competitor C,98
A00682,Applications,Competitor A,44
A00682,Integration,Competitor C,100
A00683,Infrastructure,Competitor D,100
A00683,Database,Competitor A,45
A00683,AI & ML,Competitor B,90
A00683,Security,Competitor D,99
A00683,Applications,Competitor C,100
A00683,Integration,Competitor A,90
A00684,Infrastructure,Competitor C,67
A00684,Database,Competitor C,77
A00684,Analytics & Data,Competitor A,43
A00684,AI & ML,Competitor D,72
A00685,Database,Competitor B,75
A00685,Analytics & Data,Competitor C,39
A00685,AI & ML,Competitor A,75
A00685,Applications,Competitor C,50
A00686,Infrastructure,Competitor C,87
A00686,Database,Competitor C,70
A00686,AI & ML,Competitor A,91
A00686,Applications,Competitor A,71
A00687,AI & ML,Competitor B,13
A00687,Applications,Competitor C,43
A00688,Applications,Competitor B,17
A00690,AI & ML,Competitor C,81
A00690,Security,Competitor B,92
A00691,Infrastructure,Competitor A,99
A00691,Analytics & Data,Competitor C,80
A00691,AI & ML,Competitor D,98
A00691,Applications,Competitor D,79
A00691,Integration,Competitor D,87
A00692,Infrastructure,Competitor B,47
A00692,Analytics & Data,Competitor C,42
A00692,Security,Competitor A,55
A00692,Integration,Competitor D,44
A00693,Infrastructure,Competitor A,98
A00693,Database,Competitor A,100
A00693,Analytics & Data,Competitor A,76
A00693,AI & ML,Competitor A,92
A00693,Security,Competitor A,91
A00693,Applications,Competitor C,76
A00693,Integration,Competitor D,50
A00694,Infrastructure,Competitor D,99
A00694,Database,Competitor C,100
A00694,Analytics & Data,Competitor B,100
A00694,AI & ML,Competitor C,99
A00694,Security,Competitor A,36
A00694,Applications,Competitor C,99
A00694,Integration,Competitor A,76
A00695,Analytics & Data,Competitor D,58
A00695,AI & ML,Competitor B,43
A00695,Security,Competitor D,80
A00696,Infrastructure,Competitor B,47
A00696,Analytics & Data,Competitor B,86
A00697,Infrastructure,Competitor A,83
A00697,Database,Competitor D,78
A00697,Analytics & Data,Competitor D,88
A00697,AI & ML,Competitor B,76
A00697,Applications,Competitor D,82
A00698,Database,Competitor A,76
A00698,Analytics & Data,Competitor A,58
A00698,AI & ML,Competitor C,89
A00698,Applications,Competitor A,90
A00698,Integration,Competitor D,51
A00699,Infrastructure,Competitor D,74
A00699,Integration,Competitor A,34
A00700,Infrastructure,Competitor A,100
A00700,Database,Competitor B,80
A00700,AI & ML,Competitor A,78
A00700,Security,Competitor D,84
A00700,Applications,Competitor B,89
A00701,Infrastructure,Competitor C,87
A00701,AI & ML,Competitor D,90
A00701,Security,Competitor C,97
A00701,Applications,Competitor A,98
A00701,Integration,Competitor C,100
A00702,Analytics & Data,Competitor C,92
A00702,AI & ML,Competitor A,90
A00702,Applications,Competitor A,91
A00703,Database,Competitor C,99
A00703,AI & ML,Competitor A,75
A00703,Security,Competitor C,77
A00703,Applications,Competitor A,78
A00703,Integration,Competitor C,100
A00704,Database,Competitor C,72
A00704,Security,Competitor B,75
A00704,Integration,Competitor A,35
A00705,Infrastructure,Competitor B,80
A00705,Analytics & Data,Competitor D,17
A00705,AI & ML,Competitor D,37
A00705,Applications,Competitor D,20
A00706,Database,Competitor D,90
A00706,Analytics & Data,Competitor D,98
A00706,AI & ML,Competitor B,69
A00706,Applications,Competitor D,55
A00707,Infrastructure,Competitor B,74
A00707,Database,Competitor D,97
A00707,Analytics & Data,Competitor C,80
A00707,AI & ML,Competitor C,97
A00707,Security,Competitor C,98
A00707,Applications,Competitor C,98
A00707,Integration,Competitor B,97
A00708,AI & ML,Competitor C,39
A00708,Security,Competitor D,61
A00709,Infrastructure,Competitor A,84
A00709,Database,Competitor D,70
A00709,Analytics & Data,Competitor A,75
A00709,Applications,Competitor A,74
A00709,Integration,Competitor C,70
A00710,Database,Competitor A,65
A00710,Applications,Competitor C,17
A00711,Infrastructure,Competitor B,99
A00711,Database,Competitor C,91
A00711,Analytics & Data,Competitor D,72
A00711,Security,Competitor B,40
A00711,Applications,Competitor B,97
A00712,Database,Competitor D,30
A00712,Security,Competitor D,68
A00712,Applications,Competitor C,74
A00712,Integration,Competitor A,61
A00713,Analytics & Data,Competitor D,79
A00713,AI & ML,Competitor D,79
A00713,Security,Competitor A,93
A00713,Applications,Competitor A,99
A00713,Integration,Competitor D,78
A00714,Database,Competitor A,14
A00714,Security,Competitor A,24
A00715,Infrastructure,Competitor C,72
A00715,AI & ML,Competitor D,66
A00716,Applications,Competitor B,49
A00717,Infrastructure,Competitor B,72
A00717,Database,Competitor C,88
A00717,Analytics & Data,Competitor C,89
A00717,Applications,Competitor D,79
A00717,Integration,Competitor A,72
A00718,Infrastructure,Competitor A,53
A00718,Database,Competitor C,20
A00718,Security,Competitor B,37
A00718,Applications,Competitor D,41
A00718,Integration,Competitor B,48
A00719,Infrastructure,Competitor C,58
A00719,Database,Competitor C,55
A00719,Analytics & Data,Competitor D,75
A00719,AI & ML,Competitor C,58
A00720,Infrastructure,Competitor A,32
A00720,Analytics & Data,Competitor C,59
A00720,Security,Competitor D,45
A00722,Analytics & Data,Competitor A,84
A00722,Security,Competitor B,63
A00723,Infrastructure,Competitor B,85
A00723,Analytics & Data,Competitor A,71
A00723,AI & ML,Competitor A,99
A00723,Applications,Competitor D,77
A00723,Integration,Competitor C,99
A00724,Infrastructure,Competitor D,80
A00724,Analytics & Data,Competitor C,35
A00724,AI & ML,Competitor D,68
A00724,Security,Competitor C,74
A00724,Integration,Competitor A,83
A00725,Infrastructure,Competitor B,68
A00725,Database,Competitor C,75
A00725,Analytics & Data,Competitor D,10
A00725,AI & ML,Competitor C,45
A00725,Applications,Competitor A,41
A00725,Integration,Competitor D,92
A00726,Infrastructure,Competitor D,26
A00726,Analytics & Data,Competitor B,40
A00726,Integration,Competitor D,88
A00727,Database,Competitor C,79
A00727,AI & ML,Competitor A,50
A00727,Security,Competitor A,85
A00729,Infrastructure,Competitor D,99
A00729,Database,Competitor B,91
A00729,Analytics & Data,Competitor B,73
A00729,AI & ML,Competitor A,91
A00729,Security,Competitor A,99
A00729,Applications,Competitor B,98
A00729,Integration,Competitor D,97
A00730,Infrastructure,Competitor C,71
A00730,Database,Competitor D,91
A00730,Analytics & Data,Competitor B,98
A00730,AI & ML,Competitor C,97
A00730,Security,Competitor A,70
A00730,Applications,Competitor D,98
A00730,Integration,Competitor B,100
A00731,Database,Competitor A,71
A00731,Applications,Competitor B,40
A00731,Integration,Competitor C,89
A00732,Infrastructure,Competitor D,67
A00732,Integration,Competitor D,18
A00733,Analytics & Data,Competitor A,40
A00735,Infrastructure,Competitor B,90
A00735,Database,Competitor D,57
A00735,Analytics & Data,Competitor B,99
A00735,AI & ML,Competitor A,48
A00735,Applications,Competitor D,97
A00735,Integration,Competitor C,91
A00736,Infrastructure,Competitor D,87
A00736,Applications,Competitor B,62
A00737,Database,Competitor A,86
A00737,Analytics & Data,Competitor B,69
A00737,AI & ML,Competitor D,47
A00737,Security,Competitor A,51
A00737,Applications,Competitor A,53
A00737,Integration,Competitor B,90
A00738,Infrastructure,Competitor D,86
A00738,Database,Competitor B,87
A00738,AI & ML,Competitor D,97
A00738,Applications,Competitor A,70
A00738,Integration,Competitor B,90
A00739,Infrastructure,Competitor B,84
A00739,Database,Competitor A,84
A00739,Applications,Competitor C,81
A00740,Infrastructure,Competitor B,100
A00740,Analytics & Data,Competitor D,83
A00740,AI & ML,Competitor D,100
A00740,Security,Competitor A,100
A00740,Applications,Competitor B,98
A00740,Integration,Competitor A,98
A00741,Database,Competitor A,28
A00741,Applications,Competitor C,53
A00742,Analytics & Data,Competitor B,72
A00742,AI & ML,Competitor D,92
A00742,Security,Competitor D,84
A00742,Applications,Competitor B,90
A00743,Infrastructure,Competitor C,78
A00743,Database,Competitor D,76
A00743,AI & ML,Competitor C,35
A00743,Applications,Competitor D,50
A00744,Database,Competitor C,93
A00744,Security,Competitor B,90
A00744,Integration,Competitor A,74
A00745,Infrastructure,Competitor C,48
A00745,Database,Competitor B,13
A00745,Analytics & Data,Competitor A,62
A00745,AI & ML,Competitor D,53
A00745,Security,Competitor C,48
A00745,Applications,Competitor B,86
A00746,Infrastructure,Competitor C,57
A00746,Database,Competitor A,45
A00746,Integration,Competitor A,36
A00747,Database,Competitor A,92
A00747,Analytics & Data,Competitor A,83
A00747,AI & ML,Competitor A,100
A00747,Security,Competitor A,71
A00747,Applications,Competitor D,45
A00748,Database,Competitor B,54
A00748,AI & ML,Competitor D,89
A00748,Security,Competitor B,91
A00748,Applications,Competitor A,73
A00749,Infrastructure,Competitor D,67
A00749,Database,Competitor B,98
A00749,AI & ML,Competitor C,99
A00749,Security,Competitor A,100
A00749,Integration,Competitor D,99
A00750,Infrastructure,Competitor D,80
A00750,Database,Competitor A,93
A00750,Analytics & Data,Competitor D,87
A00750,AI & ML,Competitor D,99
A00750,Security,Competitor D,65
A00750,Integration,Competitor B,99
A00751,Database,Competitor B,16
A00752,Analytics & Data,Competitor C,98
A00752,AI & ML,Competitor C,93
A00752,Security,Competitor A,99
A00753,AI & ML,Competitor A,58
A00754,Infrastructure,Competitor A,97
A00754,Database,Competitor C,43
A00754,Security,Competitor C,98
A00754,Applications,Competitor A,84
A00754,Integration,Competitor A,78
A00755,Infrastructure,Competitor D,99
A00755,Database,Competitor B,91
A00755,Analytics & Data,Competitor D,90
A00755,AI & ML,Competitor B,68
A00755,Security,Competitor C,60
A00755,Applications,Competitor B,72
A00756,Infrastructure,Competitor C,93
A00756,Analytics & Data,Competitor B,91
A00756,AI & ML,Competitor C,59
A00756,Security,Competitor A,62
A00756,Applications,Competitor C,55
A00756,Integration,Competitor D,36
A00757,Database,Competitor B,19
A00757,Analytics & Data,Competitor B,88
A00757,AI & ML,Competitor C,99
A00757,Integration,Competitor D,36
A00758,Infrastructure,Competitor B,77
A00758,Database,Competitor B,16
A00758,Analytics & Data,Competitor D,100
A00758,AI & ML,Competitor C,100
A00759,Database,Competitor C,67
A00759,Analytics & Data,Competitor A,79
A00759,Security,Competitor B,99
A00759,Integration,Competitor C,73
A00760,Infrastructure,Competitor B,61
A00760,Database,Competitor C,70
A00760,Analytics & Data,Competitor A,50
A00760,AI & ML,Competitor D,82
A00760,Security,Competitor D,92
A00761,Infrastructure,Competitor B,18
A00761,Security,Competitor B,65
A00761,Applications,Competitor B,57
A00761,Integration,Competitor C,35
A00762,Infrastructure,Competitor B,88
A00762,Database,Competitor D,98
A00762,AI & ML,Competitor D,88
A00762,Security,Competitor A,90
A00762,Applications,Competitor B,69
A00763,Infrastructure,Competitor A,73
A00763,AI & ML,Competitor B,52
A00763,Security,Competitor D,77
A00763,Applications,Competitor C,37
A00763,Integration,Competitor D,40
A00764,Infrastructure,Competitor C,80
A00764,Database,Competitor A,89
A00764,AI & ML,Competitor A,83
A00764,Security,Competitor D,76
A00764,Applications,Competitor A,48
A00765,Infrastructure,Competitor C,82
A00765,Analytics & Data,Competitor B,98
A00765,Integration,Competitor A,82
A00766,Infrastructure,Competitor B,100
A00766,Database,Competitor C,79
A00766,Analytics & Data,Competitor A,99
A00766,AI & ML,Competitor B,100
A00766,Security,Competitor A,97
A00766,Applications,Competitor D,81
A00766,Integration,Competitor C,97
A00767,Infrastructure,Competitor D,62
A00767,Security,Competitor C,43
A00768,Applications,Competitor C,68
A00768,Integration,Competitor D,61
A00769,AI & ML,Competitor D,71
A00769,Applications,Competitor D,78
A00769,Integration,Competitor D,99
A00770,Infrastructure,Competitor D,72
A00770,Analytics & Data,Competitor D,87
A00770,AI & ML,Competitor A,44
A00770,Security,Competitor C,69
A00770,Integration,Competitor C,84
A00771,AI & ML,Competitor C,24
A00771,Applications,Competitor A,17
A00772,Infrastructure,Competitor C,88
A00772,AI & ML,Competitor D,37
A00772,Applications,Competitor C,61
A00773,Analytics & Data,Competitor C,50
A00774,Infrastructure,Competitor D,99
A00774,Database,Competitor C,88
A00774,AI & ML,Competitor D,99
A00774,Security,Competitor D,98
A00774,Applications,Competitor D,100
A00775,Analytics & Data,Competitor B,87
A00775,AI & ML,Competitor A,92
A00775,Security,Competitor D,75
A00775,Applications,Competitor A,72
A00775,Integration,Competitor C,70
A00776,Infrastructure,Competitor A,85
A00776,Database,Competitor B,44
A00776,Analytics & Data,Competitor C,99
A00776,AI & ML,Competitor C,79
A00776,Security,Competitor C,72
A00776,Applications,Competitor C,40
A00776,Integration,Competitor A,98
A00777,Infrastructure,Competitor A,97
A00777,Database,Competitor A,84
A00777,Analytics & Data,Competitor A,79
A00777,AI & ML,Competitor A,99
A00777,Security,Competitor D,81
A00777,Applications,Competitor D,88
A00777,Integration,Competitor A,36
A00778,Database,Competitor A,66
A00778,Analytics & Data,Competitor B,91
A00778,AI & ML,Competitor D,67
A00778,Integration,Competitor D,37
A00779,Analytics & Data,Competitor A,54
A00779,Integration,Competitor A,36
A00780,Database,Competitor C,24
A00780,AI & ML,Competitor B,12
A00780,Security,Competitor C,47
A00780,Integration,Competitor C,19
A00781,Infrastructure,Competitor C,39
A00781,Database,Competitor D,91
A00781,Security,Competitor A,78
A00781,Applications,Competitor C,50
A00781,Integration,Competitor A,100
A00782,Infrastructure,Competitor D,74
A00782,Database,Competitor D,39
A00782,Analytics & Data,Competitor D,69
A00782,AI & ML,Competitor D,76
A00783,Database,Competitor C,99
A00783,Analytics & Data,Competitor B,99
A00783,AI & ML,Competitor C,98
A00783,Security,Competitor A,68
A00783,Integration,Competitor C,36
A00784,Infrastructure,Competitor D,91
A00784,Database,Competitor A,100
A00784,Analytics & Data,Competitor C,98
A00784,Security,Competitor D,98
A00784,Applications,Competitor A,44
A00785,Database,Competitor B,65
A00785,Analytics & Data,Competitor C,86
A00785,Security,Competitor C,54
A00785,Applications,Competitor A,56
A00786,Analytics & Data,Competitor A,46
A00787,Database,Competitor D,75
A00787,AI & ML,Competitor B,27
A00787,Applications,Competitor A,31
A00787,Integration,Competitor C,62
A00788,Infrastructure,Competitor C,83
A00788,Database,Competitor A,87
A00788,Analytics & Data,Competitor C,86
A00788,AI & ML,Competitor D,43
A00788,Security,Competitor A,98
A00788,Applications,Competitor A,76
A00788,Integration,Competitor B,98
A00789,Database,Competitor D,97
A00789,Analytics & Data,Competitor C,91
A00789,AI & ML,Competitor D,98
A00789,Security,Competitor D,99
A00789,Applications,Competitor C,93
A00789,Integration,Competitor D,98
A00790,Infrastructure,Competitor A,48
A00791,Infrastructure,Competitor D,69
A00791,Database,Competitor D,43
A00791,Analytics & Data,Competitor C,92
A00791,Security,Competitor A,86
A00791,Integration,Competitor B,83
A00792,Infrastructure,Competitor D,71
A00792,Database,Competitor A,97
A00792,Analytics & Data,Competitor C,97
A00792,Security,Competitor B,98
A00792,Applications,Competitor C,75
A00792,Integration,Competitor D,89
A00793,Analytics & Data,Competitor A,86
A00793,AI & ML,Competitor D,83
A00793,Integration,Competitor A,89
A00794,Analytics & Data,Competitor C,54
A00795,Infrastructure,Competitor B,36
A00795,Database,Competitor B,52
A00795,Analytics & Data,Competitor A,69
A00795,Security,Competitor C,44
A00795,Applications,Competitor D,72
A00796,Analytics & Data,Competitor D,93
A00796,AI & ML,Competitor B,85
A00796,Security,Competitor C,92
A00796,Integration,Competitor A,79
A00797,Infrastructure,Competitor C,68
A00797,Analytics & Data,Competitor B,88
A00797,AI & ML,Competitor D,68
A00797,Security,Competitor C,89
A00797,Applications,Competitor C,99
A00798,Database,Competitor C,74
A00798,Analytics & Data,Competitor D,58
A00798,AI & ML,Competitor C,51
A00798,Security,Competitor C,60
A00799,Infrastructure,Competitor D,16
A00799,Database,Competitor D,47
A00799,Analytics & Data,Competitor A,89
A00799,Applications,Competitor B,56
A00800,Analytics & Data,Competitor D,75
A00800,AI & ML,Competitor B,83
A00800,Security,Competitor A,84
A00800,Applications,Competitor A,91
A00801,Security,Competitor B,24
A00802,Infrastructure,Competitor C,31
A00802,Database,Competitor C,18
A00802,Integration,Competitor C,55
A00803,Database,Competitor A,58
A00803,AI & ML,Competitor C,54
A00803,Security,Competitor C,58
A00803,Integration,Competitor C,37
A00804,Infrastructure,Competitor B,98
A00804,Database,Competitor B,79
A00804,Analytics & Data,Competitor B,81
A00805,Infrastructure,Competitor C,98
A00805,AI & ML,Competitor A,100
A00805,Security,Competitor D,79
A00805,Applications,Competitor B,99
A00805,Integration,Competitor A,88
A00806,Analytics & Data,Competitor C,46
A00806,AI & ML,Competitor D,68
A00806,Applications,Competitor C,97
A00807,Analytics & Data,Competitor A,73
A00807,Applications,Competitor C,74
A00807,Integration,Competitor A,97
A00808,Infrastructure,Competitor D,73
A00808,AI & ML,Competitor D,68
A00808,Security,Competitor A,75
A00808,Applications,Competitor C,98
A00808,Integration,Competitor A,87
A00809,AI & ML,Competitor D,46
A00810,Analytics & Data,Competitor D,98
A00810,Applications,Competitor B,92
A00811,Database,Competitor C,57
A00811,Integration,Competitor B,52
A00812,Infrastructure,Competitor A,81
A00812,Database,Competitor A,80
A00812,Analytics & Data,Competitor C,71
A00812,AI & ML,Competitor A,38
A00812,Security,Competitor A,73
A00812,Applications,Competitor D,99
A00812,Integration,Competitor D,80
A00813,Infrastructure,Competitor C,79
A00813,Database,Competitor C,86
A00813,Analytics & Data,Competitor A,93
A00813,AI & ML,Competitor C,98
A00813,Security,Competitor A,100
A00813,Applications,Competitor A,70
A00813,Integration,Competitor C,82
A00814,Database,Competitor B,76
A00814,AI & ML,Competitor D,41
A00814,Security,Competitor C,87
A00816,Database,Competitor A,73
A00816,Analytics & Data,Competitor A,90
A00816,Applications,Competitor B,37
A00817,Infrastructure,Competitor B,98
A00817,Database,Competitor B,78
A00817,AI & ML,Competitor D,99
A00817,Security,Competitor B,87
A00817,Applications,Competitor B,89
A00818,Infrastructure,Competitor C,46
A00818,Analytics & Data,Competitor D,44
A00819,Infrastructure,Competitor B,49
A00819,Analytics & Data,Competitor D,37
A00819,Applications,Competitor D,12
A00819,Integration,Competitor A,74
A00820,Infrastructure,Competitor C,73
A00820,Database,Competitor D,100
A00820,AI & ML,Competitor C,98
A00820,Security,Competitor C,98
A00820,Integration,Competitor A,73
A00821,Infrastructure,Competitor C,87
A00821,Database,Competitor C,100
A00821,Analytics & Data,Competitor C,87
A00821,Security,Competitor D,74
A00821,Integration,Competitor D,99
A00822,Infrastructure,Competitor C,100
A00822,Database,Competitor A,81
A00822,Analytics & Data,Competitor A,72
A00822,Security,Competitor C,98
A00822,Applications,Competitor A,81
A00822,Integration,Competitor D,100
A00823,AI & ML,Competitor C,50
A00823,Applications,Competitor C,45
A00824,Security,Competitor A,34
A00825,Analytics & Data,Competitor D,56
A00825,AI & ML,Competitor A,87
A00825,Security,Competitor B,53
A00825,Applications,Competitor B,91
A00825,Integration,Competitor D,97
A00826,Analytics & Data,Competitor A,55
A00827,Infrastructure,Competitor C,32
A00827,Security,Competitor D,12
A00827,Integration,Competitor B,66
A00828,AI & ML,Competitor B,45
A00828,Applications,Competitor D,93
A00829,Infrastructure,Competitor A,43
A00829,Database,Competitor D,51
A00829,Analytics & Data,Competitor D,85
A00829,AI & ML,Competitor D,73
A00829,Applications,Competitor A,82
A00829,Integration,Competitor A,98
A00830,Infrastructure,Competitor C,36
A00830,Database,Competitor C,100
A00830,Analytics & Data,Competitor D,86
A00830,AI & ML,Competitor C,99
A00830,Security,Competitor D,100
A00830,Applications,Competitor C,98
A00830,Integration,Competitor C,92
A00831,Infrastructure,Competitor A,50
A00831,Database,Competitor C,75
A00831,AI & ML,Competitor D,68
A00831,Security,Competitor B,49
A00831,Integration,Competitor B,63
A00832,Infrastructure,Competitor D,99
A00832,Database,Competitor B,74
A00832,Analytics & Data,Competitor D,85
A00832,AI & ML,Competitor D,84
A00832,Applications,Competitor D,100
A00832,Integration,Competitor B,79
A00833,Analytics & Data,Competitor A,61
A00833,Security,Competitor C,90
A00833,Applications,Competitor A,83
A00833,Integration,Competitor A,90
A00834,Infrastructure,Competitor B,24
A00835,Database,Competitor C,66
A00836,Database,Competitor A,57
A00836,Security,Competitor B,56
A00837,Infrastructure,Competitor C,11
A00837,Analytics & Data,Competitor A,42
A00837,Security,Competitor A,38
A00837,Applications,Competitor A,78
A00838,Infrastructure,Competitor D,68
A00838,Analytics & Data,Competitor B,79
A00838,Security,Competitor A,89
A00839,Infrastructure,Competitor C,98
A00839,Database,Competitor C,72
A00839,Analytics & Data,Competitor B,97
A00839,AI & ML,Competitor B,79
A00839,Security,Competitor B,92
A00839,Applications,Competitor A,71
A00839,Integration,Competitor C,92
A00840,Infrastructure,Competitor C,93
A00840,AI & ML,Competitor B,46
A00840,Applications,Competitor D,41
A00841,Infrastructure,Competitor A,58
A00841,Analytics & Data,Competitor C,35
A00841,Integration,Competitor B,84
A00842,Infrastructure,Competitor A,100
A00842,Analytics & Data,Competitor D,99
A00842,Security,Competitor B,92
A00842,Applications,Competitor A,100
A00842,Integration,Competitor B,97
A00843,Database,Competitor C,97
A00843,AI & ML,Competitor A,99
A00843,Security,Competitor D,99
A00843,Applications,Competitor C,98
A00844,Infrastructure,Competitor D,47
A00844,AI & ML,Competitor D,97
A00844,Security,Competitor B,41
A00844,Applications,Competitor D,98
A00844,Integration,Competitor B,86
A00845,Database,Competitor C,90
A00845,Analytics & Data,Competitor B,80
A00845,AI & ML,Competitor B,89
A00845,Security,Competitor D,99
A00845,Integration,Competitor A,97
A00846,Database,Competitor B,76
A00846,Analytics & Data,Competitor D,23
A00846,AI & ML,Competitor C,82
A00846,Security,Competitor A,47
A00846,Applications,Competitor C,63
A00847,Database,Competitor C,43
A00847,Analytics & Data,Competitor D,78
A00847,AI & ML,Competitor A,52
A00847,Security,Competitor B,73
A00847,Applications,Competitor A,89
A00847,Integration,Competitor A,69
A00848,Database,Competitor D,81
A00848,Analytics & Data,Competitor B,68
A00849,Database,Competitor D,97
A00849,Analytics & Data,Competitor D,55
A00849,Security,Competitor D,79
A00849,Applications,Competitor B,74
A00851,Database,Competitor A,23
A00851,Security,Competitor D,37
A00851,Integration,Competitor A,40
A00852,Security,Competitor A,25
A00852,Applications,Competitor B,36
A00852,Integration,Competitor C,42
A00853,Infrastructure,Competitor C,79
A00853,Database,Competitor A,85
A00853,Analytics & Data,Competitor C,91
A00853,AI & ML,Competitor B,100
A00853,Security,Competitor D,93
A00853,Applications,Competitor C,97
A00854,Database,Competitor D,84
A00854,AI & ML,Competitor A,72
A00854,Applications,Competitor B,100
A00854,Integration,Competitor A,79
A00855,Infrastructure,Competitor D,39
A00855,Database,Competitor A,72
A00855,Analytics & Data,Competitor D,81
A00855,AI & ML,Competitor C,76
A00855,Security,Competitor A,100
A00855,Applications,Competitor D,53
A00855,Integration,Competitor A,87
A00856,Infrastructure,Competitor A,97
A00856,Database,Competitor A,84
A00856,Security,Competitor A,69
A00856,Applications,Competitor D,98
A00856,Integration,Competitor C,85
A00857,Infrastructure,Competitor C,63
A00857,Analytics & Data,Competitor A,66
A00857,Security,Competitor A,34
A00857,Applications,Competitor C,62
A00857,Integration,Competitor C,52
A00858,Analytics & Data,Competitor C,98
A00858,Security,Competitor B,97
A00858,Applications,Competitor D,97
A00858,Integration,Competitor A,100
A00859,Database,Competitor C,99
A00859,Analytics & Data,Competitor D,97
A00859,AI & ML,Competitor D,97
A00859,Security,Competitor C,86
A00859,Integration,Competitor D,100
A00860,Database,Competitor C,82
A00860,Applications,Competitor A,37
A00861,Infrastructure,Competitor C,69
A00861,Database,Competitor C,77
A00861,Security,Competitor A,100
A00861,Applications,Competitor C,74
A00862,Infrastructure,Competitor A,19
A00862,Analytics & Data,Competitor D,52
A00863,Analytics & Data,Competitor A,70
A00863,Security,Competitor D,38
A00864,Infrastructure,Competitor D,83
A00864,AI & ML,Competitor D,100
A00864,Applications,Competitor A,75
A00864,Integration,Competitor B,99
A00866,Infrastructure,Competitor D,31
A00866,Database,Competitor B,70
A00866,AI & ML,Competitor C,72
A00866,Security,Competitor B,70
A00866,Applications,Competitor B,78
A00866,Integration,Competitor B,73
A00868,Infrastructure,Competitor B,29
A00868,Database,Competitor C,97
A00868,Analytics & Data,Competitor A,55
A00868,AI & ML,Competitor A,73
A00869,Database,Competitor C,80
A00869,Integration,Competitor B,40
A00870,Security,Competitor D,79
A00870,Integration,Competitor D,91
A00871,Infrastructure,Competitor C,31
A00871,Analytics & Data,Competitor D,46
A00871,Applications,Competitor D,81
A00872,Infrastructure,Competitor B,51
A00872,Database,Competitor B,56
A00872,Applications,Competitor B,51
A00872,Integration,Competitor A,48
A00873,Applications,Competitor C,45
A00873,Integration,Competitor A,51
A00874,Analytics & Data,Competitor B,86
A00874,AI & ML,Competitor C,72
A00874,Security,Competitor A,68
A00874,Applications,Competitor B,65
A00875,Infrastructure,Competitor B,100
A00875,Analytics & Data,Competitor D,97
A00875,AI & ML,Competitor B,70
A00875,Security,Competitor D,92
A00875,Applications,Competitor D,98
A00875,Integration,Competitor C,99
A00877,Infrastructure,Competitor D,85
A00877,Database,Competitor D,77
A00877,Analytics & Data,Competitor A,98
A00877,Security,Competitor C,74
A00877,Applications,Competitor D,86
A00877,Integration,Competitor B,82
A00878,Infrastructure,Competitor A,97
A00878,Database,Competitor A,98
A00878,Analytics & Data,Competitor D,100
A00878,AI & ML,Competitor A,99
A00878,Security,Competitor C,80
A00878,Applications,Competitor A,98
A00878,Integration,Competitor D,97
A00879,Database,Competitor C,97
A00879,Analytics & Data,Competitor C,97
A00879,AI & ML,Competitor D,70
A00879,Security,Competitor B,69
A00879,Applications,Competitor D,98
A00879,Integration,Competitor D,97
A00880,Infrastructure,Competitor A,57
A00880,Analytics & Data,Competitor D,83
A00880,Applications,Competitor B,44
A00881,Security,Competitor D,93
A00882,Infrastructure,Competitor C,53
A00882,AI & ML,Competitor C,43
A00882,Security,Competitor C,67
A00882,Applications,Competitor B,92
A00882,Integration,Competitor C,62
A00883,Infrastructure,Competitor C,99
A00883,Database,Competitor C,98
A00883,Analytics & Data,Competitor B,86
A00883,AI & ML,Competitor B,57
A00883,Security,Competitor B,99
A00883,Applications,Competitor D,97
A00883,Integration,Competitor A,99
A00884,Infrastructure,Competitor D,55
A00884,Database,Competitor A,53
A00884,AI & ML,Competitor A,22
A00884,Security,Competitor B,48
A00884,Applications,Competitor C,52
A00885,Analytics & Data,Competitor D,55
A00885,AI & ML,Competitor D,83
A00885,Integration,Competitor A,92
A00886,Infrastructure,Competitor C,91
A00886,Analytics & Data,Competitor B,64
A00886,Security,Competitor C,86
A00887,Infrastructure,Competitor C,75
A00887,Database,Competitor D,54
A00887,Analytics & Data,Competitor D,77
A00887,AI & ML,Competitor C,100
A00887,Security,Competitor B,92
A00887,Integration,Competitor A,71
A00888,Infrastructure,Competitor C,100
A00888,Database,Competitor B,87
A00888,AI & ML,Competitor A,74
A00888,Security,Competitor D,63
A00888,Applications,Competitor A,42
A00889,Infrastructure,Competitor B,77
A00889,Analytics & Data,Competitor B,75
A00889,Security,Competitor C,42
A00889,Applications,Competitor C,97
A00889,Integration,Competitor D,82
A00890,Analytics & Data,Competitor B,50
A00890,Applications,Competitor A,41
A00891,Infrastructure,Competitor C,71
A00891,Analytics & Data,Competitor C,85
A00891,AI & ML,Competitor A,99
A00891,Security,Competitor D,89
A00891,Applications,Competitor A,28
A00891,Integration,Competitor B,49
A00892,Database,Competitor B,54
A00892,AI & ML,Competitor A,40
A00893,Infrastructure,Competitor C,97
A00893,Database,Competitor A,68
A00893,Analytics & Data,Competitor C,98
A00893,AI & ML,Competitor D,100
A00893,Security,Competitor D,89
A00893,Applications,Competitor D,98
A00893,Integration,Competitor A,80
A00894,Infrastructure,Competitor D,57
A00894,Database,Competitor C,66
A00894,Analytics & Data,Competitor D,78
A00894,AI & ML,Competitor D,73
A00894,Integration,Competitor C,54
A00895,AI & ML,Competitor D,99
A00895,Security,Competitor D,73
A00896,Infrastructure,Competitor C,83
A00896,Database,Competitor B,97
A00896,Analytics & Data,Competitor A,100
A00896,AI & ML,Competitor D,97
A00896,Security,Competitor B,99
A00896,Applications,Competitor A,99
A00898,Infrastructure,Competitor A,73
A00898,Database,Competitor C,93
A00898,Analytics & Data,Competitor A,41
A00898,AI & ML,Competitor C,77
A00898,Security,Competitor A,100
A00898,Applications,Competitor A,78
A00898,Integration,Competitor B,70
A00899,Infrastructure,Competitor A,76
A00899,Analytics & Data,Competitor B,99
A00899,Security,Competitor C,43
A00899,Applications,Competitor A,45
A00900,Infrastructure,Competitor C,99
A00900,Analytics & Data,Competitor D,80
A00900,AI & ML,Competitor A,75
A00900,Applications,Competitor D,75
A00900,Integration,Competitor B,71
A00901,Database,Competitor D,33
A00901,Applications,Competitor D,29
A00901,Integration,Competitor A,75
A00902,Infrastructure,Competitor C,68
A00902,Database,Competitor B,100
A00902,Analytics & Data,Competitor B,97
A00902,AI & ML,Competitor A,64
A00902,Security,Competitor B,98
A00902,Applications,Competitor D,55
A00903,Database,Competitor D,77
A00903,AI & ML,Competitor B,85
A00903,Applications,Competitor C,79
A00903,Integration,Competitor A,79
A00904,Infrastructure,Competitor D,35
A00904,Analytics & Data,Competitor B,62
A00904,AI & ML,Competitor B,19
A00904,Applications,Competitor D,36
A00905,Security,Competitor B,66
A00906,Infrastructure,Competitor D,78
A00906,Database,Competitor D,98
A00906,Analytics & Data,Competitor A,62
A00906,AI & ML,Competitor A,85
A00906,Security,Competitor C,81
A00906,Applications,Competitor D,99
A00906,Integration,Competitor C,90
A00907,Database,Competitor C,61
A00907,Analytics & Data,Competitor D,69
A00907,AI & ML,Competitor D,45
A00907,Security,Competitor B,10
A00907,Applications,Competitor B,38
A00907,Integration,Competitor A,42
A00908,Infrastructure,Competitor C,90
A00908,Database,Competitor B,70
A00908,Analytics & Data,Competitor A,100
A00908,AI & ML,Competitor B,100
A00908,Security,Competitor B,93
A00908,Applications,Competitor D,100
A00909,Infrastructure,Competitor A,98
A00909,Database,Competitor C,99
A00909,AI & ML,Competitor B,99
A00909,Applications,Competitor D,82
A00909,Integration,Competitor B,100
A00910,Infrastructure,Competitor C,99
A00910,Analytics & Data,Competitor C,99
A00910,AI & ML,Competitor C,99
A00910,Security,Competitor D,100
A00910,Applications,Competitor B,99
A00910,Integration,Competitor B,68
A00911,Database,Competitor A,20
A00911,Analytics & Data,Competitor B,29
A00912,Analytics & Data,Competitor D,83
A00912,Security,Competitor A,44
A00912,Applications,Competitor B,73
A00913,Infrastructure,Competitor B,98
A00913,Database,Competitor B,100
A00913,AI & ML,Competitor C,82
A00913,Security,Competitor A,99
A00913,Applications,Competitor A,98
A00913,Integration,Competitor D,100
A00914,Infrastructure,Competitor A,97
A00914,Database,Competitor D,83
A00914,Analytics & Data,Competitor A,85
A00914,Integration,Competitor A,85
A00915,Infrastructure,Competitor B,74
A00915,Database,Competitor D,74
A00915,Analytics & Data,Competitor A,69
A00915,AI & ML,Competitor A,97
A00915,Security,Competitor B,97
A00915,Integration,Competitor B,97
A00916,Infrastructure,Competitor B,100
A00916,Analytics & Data,Competitor B,100
A00916,AI & ML,Competitor C,100
A00916,Security,Competitor C,84
A00916,Applications,Competitor D,98
A00916,Integration,Competitor B,97
A00917,Database,Competitor C,78
A00917,Analytics & Data,Competitor B,50
A00917,AI & ML,Competitor A,74
A00917,Applications,Competitor D,78
A00917,Integration,Competitor B,75
A00918,Infrastructure,Competitor A,71
A00918,Database,Competitor B,82
A00918,Analytics & Data,Competitor B,98
A00918,AI & ML,Competitor C,97
A00918,Applications,Competitor D,98
A00918,Integration,Competitor A,88
A00919,Database,Competitor C,71
A00919,Analytics & Data,Competitor A,93
A00919,AI & ML,Competitor B,80
A00919,Security,Competitor C,86
A00919,Applications,Competitor C,91
A00919,Integration,Competitor A,97
A00920,Applications,Competitor C,98
A00920,Integration,Competitor B,48
A00921,Database,Competitor C,45
A00921,Analytics & Data,Competitor C,73
A00921,Integration,Competitor C,76
A00922,AI & ML,Competitor D,44
A00922,Security,Competitor C,76
A00922,Applications,Competitor C,66
A00922,Integration,Competitor A,98
A00923,Infrastructure,Competitor D,83
A00923,Database,Competitor B,77
A00923,Analytics & Data,Competitor C,97
A00923,AI & ML,Competitor D,70
A00923,Applications,Competitor C,63
A00923,Integration,Competitor A,71
A00924,AI & ML,Competitor B,62
A00925,Database,Competitor B,78
A00925,Analytics & Data,Competitor A,36
A00925,Security,Competitor A,47
A00925,Applications,Competitor B,65
A00925,Integration,Competitor D,82
A00926,Infrastructure,Competitor D,98
A00926,Database,Competitor D,88
A00926,Analytics & Data,Competitor B,97
A00926,AI & ML,Competitor C,97
A00926,Security,Competitor C,99
A00926,Applications,Competitor D,99
A00926,Integration,Competitor D,98
A00927,Infrastructure,Competitor A,36
A00927,Database,Competitor B,99
A00927,Analytics & Data,Competitor D,98
A00927,Integration,Competitor C,90
A00928,Infrastructure,Competitor D,80
A00928,Database,Competitor A,84
A00928,Analytics & Data,Competitor B,90
A00928,AI & ML,Competitor C,100
A00928,Security,Competitor C,86
A00929,Database,Competitor C,51
A00930,AI & ML,Competitor C,40
A00930,Integration,Competitor B,37
A00931,Infrastructure,Competitor B,98
A00931,Database,Competitor B,46
A00931,Analytics & Data,Competitor C,43
A00931,AI & ML,Competitor C,98
A00931,Applications,Competitor A,99
A00932,Infrastructure,Competitor C,98
A00932,Database,Competitor C,76
A00932,Analytics & Data,Competitor C,69
A00932,AI & ML,Competitor C,100
A00932,Security,Competitor A,84
A00932,Applications,Competitor D,83
A00933,Infrastructure,Competitor C,93
A00933,Security,Competitor C,98
A00933,Applications,Competitor A,79
A00933,Integration,Competitor B,75
A00934,Analytics & Data,Competitor D,45
A00934,AI & ML,Competitor A,38
A00935,Database,Competitor A,82
A00935,Analytics & Data,Competitor D,98
A00935,AI & ML,Competitor B,97
A00935,Security,Competitor B,100
A00935,Applications,Competitor D,69
A00936,Applications,Competitor B,66
A00937,Infrastructure,Competitor C,62
A00937,Database,Competitor A,80
A00937,Analytics & Data,Competitor C,67
A00937,AI & ML,Competitor D,64
A00938,Infrastructure,Competitor C,98
A00938,Database,Competitor B,100
A00938,Analytics & Data,Competitor B,98
A00938,AI & ML,Competitor B,98
A00938,Security,Competitor D,99
A00938,Applications,Competitor C,100
A00938,Integration,Competitor C,98
A00939,Infrastructure,Competitor C,99
A00939,Analytics & Data,Competitor B,70
A00939,AI & ML,Competitor B,82
A00939,Applications,Competitor A,70
A00940,Infrastructure,Competitor A,98
A00940,Database,Competitor C,97
A00940,Security,Competitor C,84
A00940,Applications,Competitor A,80
A00940,Integration,Competitor D,91
A00941,Infrastructure,Competitor D,91
A00941,Database,Competitor A,82
A00941,Analytics & Data,Competitor D,100
A00941,AI & ML,Competitor D,98
A00941,Applications,Competitor D,100
A00941,Integration,Competitor C,89
A00942,Infrastructure,Competitor D,99
A00942,Database,Competitor C,47
A00942,Analytics & Data,Competitor D,87
A00942,AI & ML,Competitor A,78
A00942,Security,Competitor A,99
A00942,Applications,Competitor A,100
A00942,Integration,Competitor D,77
A00943,Database,Competitor A,89
A00943,Analytics & Data,Competitor A,70
A00943,AI & ML,Competitor C,83
A00943,Applications,Competitor B,82
A00943,Integration,Competitor D,80
A00944,Infrastructure,Competitor A,52
A00944,Database,Competitor A,97
A00944,Analytics & Data,Competitor C,79
A00944,AI & ML,Competitor C,85
A00944,Security,Competitor D,100
A00944,Integration,Competitor D,79
A00945,Infrastructure,Competitor C,88
A00945,Database,Competitor C,47
A00945,Analytics & Data,Competitor B,84
A00945,AI & ML,Competitor A,68
A00945,Security,Competitor A,82
A00945,Integration,Competitor A,86
A00946,Infrastructure,Competitor A,100
A00946,Database,Competitor A,66
A00946,Analytics & Data,Competitor A,98
A00946,AI & ML,Competitor D,99
A00946,Security,Competitor D,90
A00946,Applications,Competitor A,97
A00946,Integration,Competitor A,98
A00947,Infrastructure,Competitor B,99
A00947,Analytics & Data,Competitor B,93
A00947,Security,Competitor D,50
A00948,Infrastructure,Competitor B,92
A00948,Database,Competitor D,85
A00948,Analytics & Data,Competitor D,47
A00948,AI & ML,Competitor D,97
A00948,Security,Competitor D,98
A00948,Applications,Competitor C,52
A00948,Integration,Competitor C,98
A00949,Infrastructure,Competitor D,97
A00949,Database,Competitor D,43
A00949,Analytics & Data,Competitor A,90
A00949,Applications,Competitor C,98
A00949,Integration,Competitor C,100
A00950,Infrastructure,Competitor A,99
A00950,Database,Competitor B,76
A00950,Security,Competitor B,83
A00950,Applications,Competitor B,98
A00950,Integration,Competitor A,56
A00951,AI & ML,Competitor C,59
A00951,Applications,Competitor D,83
A00951,Integration,Competitor A,69
A00952,AI & ML,Competitor D,36
A00952,Applications,Competitor B,55
A00953,Database,Competitor B,35
A00953,Applications,Competitor C,59
A00953,Integration,Competitor B,56
A00954,Infrastructure,Competitor A,46
A00954,Analytics & Data,Competitor A,97
A00954,AI & ML,Competitor B,75
A00954,Applications,Competitor A,98
A00954,Integration,Competitor C,53
A00955,Database,Competitor C,73
A00955,Analytics & Data,Competitor C,81
A00955,AI & ML,Competitor A,54
A00955,Security,Competitor D,89
A00955,Applications,Competitor A,97
A00955,Integration,Competitor C,99
A00956,Infrastructure,Competitor B,64
A00956,Security,Competitor B,37
A00957,Infrastructure,Competitor D,58
A00957,Database,Competitor B,49
A00958,Infrastructure,Competitor A,100
A00958,Database,Competitor B,100
A00958,Applications,Competitor D,78
A00959,Infrastructure,Competitor B,44
A00959,Analytics & Data,Competitor A,82
A00959,AI & ML,Competitor D,42
A00959,Security,Competitor C,74
A00959,Applications,Competitor C,50
A00960,Infrastructure,Competitor C,19
A00961,Analytics & Data,Competitor A,62
A00961,AI & ML,Competitor C,88
A00961,Security,Competitor B,99
A00961,Applications,Competitor B,98
A00962,Infrastructure,Competitor A,88
A00962,Database,Competitor A,30
A00962,Analytics & Data,Competitor C,99
A00962,AI & ML,Competitor D,98
A00962,Security,Competitor A,100
A00962,Integration,Competitor C,97
A00963,Infrastructure,Competitor D,79
A00963,Database,Competitor C,78
A00963,Analytics & Data,Competitor A,93
A00963,AI & ML,Competitor B,74
A00963,Security,Competitor A,98
A00963,Integration,Competitor D,73
A00964,Infrastructure,Competitor D,92
A00964,Analytics & Data,Competitor B,35
A00964,AI & ML,Competitor D,90
A00965,Analytics & Data,Competitor D,40
A00965,Security,Competitor D,92
A00965,Applications,Competitor C,88
A00966,Database,Competitor B,70
A00967,Infrastructure,Competitor B,100
A00967,Database,Competitor D,71
A00967,Analytics & Data,Competitor C,71
A00967,AI & ML,Competitor A,93
A00968,Infrastructure,Competitor B,77
A00968,Database,Competitor A,97
A00968,Analytics & Data,Competitor B,92
A00968,AI & ML,Competitor A,98
A00968,Applications,Competitor D,99
A00968,Integration,Competitor C,98
A00969,Analytics & Data,Competitor D,49
A00969,Applications,Competitor D,61
A00970,Database,Competitor D,40
A00970,Applications,Competitor C,12
A00971,Security,Competitor A,62
A00971,Applications,Competitor D,84
A00971,Integration,Competitor A,84
A00972,Infrastructure,Competitor A,98
A00972,Database,Competitor C,98
A00972,Analytics & Data,Competitor D,98
A00972,Security,Competitor A,99
A00972,Integration,Competitor D,85
A00973,Applications,Competitor C,84
A00974,Database,Competitor C,27
A00974,AI & ML,Competitor C,79
A00975,Integration,Competitor A,58
A00976,Infrastructure,Competitor C,63
A00977,Infrastructure,Competitor D,89
A00977,Database,Competitor C,89
A00977,Analytics & Data,Competitor A,98
A00977,Security,Competitor A,98
A00977,Integration,Competitor A,81
A00978,Analytics & Data,Competitor C,85
A00978,Applications,Competitor D,45
A00978,Integration,Competitor A,39
A00979,Infrastructure,Competitor C,100
A00979,Analytics & Data,Competitor C,71
A00979,AI & ML,Competitor D,49
A00979,Security,Competitor A,99
A00979,Applications,Competitor D,100
A00979,Integration,Competitor C,100
A00980,Infrastructure,Competitor D,72
A00980,Analytics & Data,Competitor B,35
A00980,AI & ML,Competitor C,90
A00980,Security,Competitor B,100
A00980,Applications,Competitor B,67
A00981,Infrastructure,Competitor A,93
A00981,Database,Competitor B,58
A00981,Analytics & Data,Competitor B,83
A00981,AI & ML,Competitor C,79
A00981,Applications,Competitor A,53
A00982,Infrastructure,Competitor A,84
A00982,Database,Competitor A,100
A00982,Analytics & Data,Competitor D,93
A00982,AI & ML,Competitor A,54
A00982,Security,Competitor C,16
A00982,Integration,Competitor A,70
A00983,Infrastructure,Competitor D,100
A00983,Database,Competitor D,99
A00983,Analytics & Data,Competitor D,100
A00983,AI & ML,Competitor C,100
A00983,Applications,Competitor B,100
A00983,Integration,Competitor C,99
A00984,Analytics & Data,Competitor B,26
A00984,AI & ML,Competitor D,38
A00985,Database,Competitor B,97
A00985,Analytics & Data,Competitor D,72
A00985,AI & ML,Competitor D,99
A00985,Security,Competitor B,100
A00985,Applications,Competitor B,100
A00985,Integration,Competitor C,93
A00986,Infrastructure,Competitor B,41
A00986,Database,Competitor B,69
A00986,Analytics & Data,Competitor B,98
A00986,AI & ML,Competitor A,85
A00986,Security,Competitor C,99
A00986,Applications,Competitor C,80
A00986,Integration,Competitor D,90
A00987,Infrastructure,Competitor C,75
A00987,AI & ML,Competitor A,45
A00987,Applications,Competitor D,90
A00987,Integration,Competitor B,41
A00988,Infrastructure,Competitor A,64
A00988,AI & ML,Competitor C,36
A00989,Infrastructure,Competitor B,66
A00989,Database,Competitor C,89
A00989,Analytics & Data,Competitor C,99
A00989,Applications,Competitor D,99
A00989,Integration,Competitor D,81
A00990,Analytics & Data,Competitor C,80
A00991,Analytics & Data,Competitor A,75
A00991,Applications,Competitor A,26
A00992,Infrastructure,Competitor D,97
A00992,Database,Competitor A,37
A00992,Analytics & Data,Competitor A,86
A00992,Security,Competitor C,72
A00992,Applications,Competitor D,99
A00992,Integration,Competitor C,38
A00993,Infrastructure,Competitor B,78
A00993,Analytics & Data,Competitor B,67
A00993,AI & ML,Competitor A,84
A00993,Security,Competitor D,35
A00993,Applications,Competitor B,68
A00993,Integration,Competitor C,100
A00994,AI & ML,Competitor C,28
A00995,Infrastructure,Competitor A,80
A00995,Database,Competitor C,100
A00995,AI & ML,Competitor B,77
A00995,Integration,Competitor D,35
A00996,Infrastructure,Competitor D,97
A00996,Database,Competitor C,100
A00996,Analytics & Data,Competitor B,87
A00996,AI & ML,Competitor D,100
A00996,Security,Competitor C,60
A00996,Applications,Competitor B,100
A00996,Integration,Competitor A,99
A00997,Infrastructure,Competitor A,38
A00997,Database,Competitor A,36
A00998,Infrastructure,Competitor C,25
A00998,Database,Competitor B,30
A00998,Analytics & Data,Competitor D,84
A00998,Integration,Competitor C,24
A00999,Infrastructure,Competitor D,73
A00999,AI & ML,Competitor C,86
A00999,Security,Competitor A,85
A01000,Infrastructure,Competitor C,76
A01000,Database,Competitor A,87
A01000,Security,Competitor D,77
A01001,Infrastructure,Competitor A,99
A01001,Database,Competitor B,97
A01001,Analytics & Data,Competitor C,100
A01001,AI & ML,Competitor D,97
A01001,Security,Competitor D,98
A01001,Applications,Competitor C,97
A01001,Integration,Competitor A,99
A01002,Database,Competitor A,78
A01002,Security,Competitor C,64
A01002,Applications,Competitor C,52
A01002,Integration,Competitor A,45
A01003,Infrastructure,Competitor C,100
A01003,Database,Competitor D,100
A01003,AI & ML,Competitor B,97
A01003,Security,Competitor C,100
A01003,Integration,Competitor D,100
A01005,Infrastructure,Competitor A,46
A01005,Database,Competitor D,49
A01005,Analytics & Data,Competitor D,55
A01005,Security,Competitor C,71
A01005,Integration,Competitor D,22
A01006,Infrastructure,Competitor B,35
A01006,AI & ML,Competitor C,46
A01007,Infrastructure,Competitor A,98
A01007,Database,Competitor C,70
A01007,Analytics & Data,Competitor A,98
A01007,AI & ML,Competitor B,100
A01007,Security,Competitor A,70
A01007,Integration,Competitor D,93
A01008,Integration,Competitor A,51
A01009,Infrastructure,Competitor C,76
A01009,Database,Competitor A,73
A01009,Analytics & Data,Competitor B,40
A01009,Applications,Competitor D,98
A01009,Integration,Competitor D,73
A01010,Infrastructure,Competitor C,93
A01010,Analytics & Data,Competitor D,16
A01010,AI & ML,Competitor A,82
A01010,Security,Competitor A,84
A01010,Applications,Competitor C,91
A01011,Analytics & Data,Competitor B,38
A01012,Infrastructure,Competitor D,44
A01012,Database,Competitor A,35
A01012,Analytics & Data,Competitor C,87
A01012,Integration,Competitor B,73
A01013,Infrastructure,Competitor B,50
A01013,Database,Competitor D,74
A01013,Analytics & Data,Competitor D,98
A01013,AI & ML,Competitor B,97
A01013,Security,Competitor B,78
A01013,Applications,Competitor C,76
A01013,Integration,Competitor B,78
A01014,Database,Competitor A,70
A01014,Security,Competitor B,38
A01015,Analytics & Data,Competitor D,93
A01015,AI & ML,Competitor A,90
A01015,Integration,Competitor D,78
A01016,Infrastructure,Competitor A,81
A01016,AI & ML,Competitor C,37
A01016,Applications,Competitor C,83
A01016,Integration,Competitor B,60
A01017,Infrastructure,Competitor B,98
A01017,Database,Competitor D,98
A01017,AI & ML,Competitor A,73
A01017,Security,Competitor B,98
A01017,Applications,Competitor C,100
A01018,Infrastructure,Competitor B,99
A01018,Database,Competitor C,98
A01018,Analytics & Data,Competitor B,74
A01018,AI & ML,Competitor D,100
A01018,Security,Competitor D,97
A01018,Applications,Competitor A,97
A01018,Integration,Competitor A,98
A01019,AI & ML,Competitor A,41
A01020,Applications,Competitor D,92
A01021,Infrastructure,Competitor A,58
A01021,Analytics & Data,Competitor B,91
A01021,AI & ML,Competitor C,98
A01021,Security,Competitor C,48
A01021,Applications,Competitor C,61
A01021,Integration,Competitor D,49
A01022,Infrastructure,Competitor C,27
A01022,Database,Competitor A,69
A01022,Analytics & Data,Competitor D,86
A01022,AI & ML,Competitor D,99
A01022,Security,Competitor D,98
A01023,Database,Competitor B,100
A01023,AI & ML,Competitor C,82
A01023,Security,Competitor A,75
A01023,Applications,Competitor B,100
A01023,Integration,Competitor A,75
A01024,Infrastructure,Competitor C,100
A01024,Database,Competitor D,100
A01024,Analytics & Data,Competitor C,99
A01024,AI & ML,Competitor D,71
A01024,Security,Competitor C,100
A01024,Applications,Competitor B,97
A01024,Integration,Competitor D,97
A01025,Infrastructure,Competitor B,97
A01025,Database,Competitor B,97
A01025,Analytics & Data,Competitor B,100
A01025,AI & ML,Competitor B,97
A01025,Security,Competitor D,100
A01025,Applications,Competitor B,97
A01025,Integration,Competitor C,73
A01026,Infrastructure,Competitor A,62
A01026,Analytics & Data,Competitor C,41
A01026,AI & ML,Competitor C,57
A01026,Applications,Competitor C,14
A01027,Database,Competitor A,99
A01027,Analytics & Data,Competitor C,100
A01027,AI & ML,Competitor D,91
A01027,Security,Competitor C,100
A01027,Applications,Competitor D,99
A01027,Integration,Competitor B,32
A01028,Infrastructure,Competitor C,43
A01028,Analytics & Data,Competitor C,65
A01028,AI & ML,Competitor D,53
A01028,Security,Competitor C,64
A01028,Integration,Competitor D,86
A01029,Infrastructure,Competitor B,37
A01030,Infrastructure,Competitor B,92
A01030,Database,Competitor A,38
A01030,Applications,Competitor B,71
A01031,Infrastructure,Competitor D,23
A01031,Analytics & Data,Competitor C,86
A01031,Integration,Competitor D,90
A01032,AI & ML,Competitor A,69
A01032,Applications,Competitor A,68
A01032,Integration,Competitor C,48
A01033,Infrastructure,Competitor B,77
A01033,Database,Competitor D,36
A01033,Analytics & Data,Competitor B,63
A01034,Infrastructure,Competitor B,68
A01034,Database,Competitor A,100
A01034,Analytics & Data,Competitor C,74
A01034,AI & ML,Competitor B,72
A01034,Security,Competitor A,85
A01034,Applications,Competitor D,71
A01034,Integration,Competitor C,79
A01035,Infrastructure,Competitor D,68
A01035,Database,Competitor B,99
A01035,AI & ML,Competitor D,63
A01035,Applications,Competitor B,78
A01036,Infrastructure,Competitor D,68
A01036,Database,Competitor A,89
A01036,Applications,Competitor D,77
A01036,Integration,Competitor C,87
A01037,AI & ML,Competitor C,37
A01038,Infrastructure,Competitor D,100
A01038,Database,Competitor B,99
A01038,Analytics & Data,Competitor C,69
A01038,AI & ML,Competitor A,74
A01038,Applications,Competitor B,40
A01038,Integration,Competitor B,100
A01039,Database,Competitor B,63
A01039,Analytics & Data,Competitor D,37
A01039,Integration,Competitor D,50
A01040,Infrastructure,Competitor C,61
A01040,Database,Competitor C,56
A01040,Analytics & Data,Competitor D,75
A01040,Applications,Competitor B,60
A01041,Database,Competitor A,54
A01041,Security,Competitor A,50
A01041,Applications,Competitor D,61
A01042,Database,Competitor D,47
A01042,Security,Competitor C,98
A01043,Infrastructure,Competitor D,99
A01043,Database,Competitor D,80
A01043,AI & ML,Competitor A,80
A01043,Integration,Competitor B,71
A01044,Infrastructure,Competitor B,90
A01044,Security,Competitor A,59
A01044,Integration,Competitor C,60
A01045,Infrastructure,Competitor D,100
A01045,Database,Competitor A,98
A01045,Analytics & Data,Competitor A,62
A01045,Security,Competitor C,100
A01045,Applications,Competitor D,98
A01045,Integration,Competitor A,98
A01046,Infrastructure,Competitor A,85
A01046,Database,Competitor A,100
A01046,Security,Competitor C,78
A01046,Applications,Competitor A,66
A01047,Infrastructure,Competitor C,98
A01047,Database,Competitor D,97
A01047,Analytics & Data,Competitor B,99
A01047,Applications,Competitor B,99
A01047,Integration,Competitor A,100
A01049,Infrastructure,Competitor D,65
A01049,Database,Competitor A,97
A01049,Analytics & Data,Competitor D,72
A01049,AI & ML,Competitor B,78
A01049,Security,Competitor D,99
A01049,Applications,Competitor C,79
A01050,Infrastructure,Competitor D,98
A01050,Database,Competitor A,99
A01050,Security,Competitor C,98
A01050,Applications,Competitor D,99
A01050,Integration,Competitor D,97
A01051,Database,Competitor D,17
A01051,Security,Competitor A,24
A01051,Applications,Competitor B,59
A01051,Integration,Competitor A,39
A01052,Analytics & Data,Competitor B,25
A01052,Security,Competitor A,24
A01052,Applications,Competitor B,41
A01052,Integration,Competitor B,44
A01053,Infrastructure,Competitor B,16
A01053,AI & ML,Competitor C,42
A01053,Security,Competitor D,83
A01054,Infrastructure,Competitor C,79
A01054,Database,Competitor B,92
A01054,AI & ML,Competitor B,51
A01054,Security,Competitor B,64
A01054,Applications,Competitor D,43
A01054,Integration,Competitor C,98
A01055,Infrastructure,Competitor C,30
A01055,Database,Competitor C,48
A01055,Security,Competitor D,26
A01055,Applications,Competitor B,15
A01056,Infrastructure,Competitor C,85
A01056,Database,Competitor D,71
A01056,Security,Competitor A,79
A01057,Infrastructure,Competitor B,77
A01057,Database,Competitor D,98
A01057,AI & ML,Competitor D,98
A01057,Security,Competitor C,76
A01057,Integration,Competitor C,86
A01058,Infrastructure,Competitor A,83
A01058,Database,Competitor B,69
A01058,Analytics & Data,Competitor D,43
A01058,AI & ML,Competitor D,97
A01058,Applications,Competitor B,85
A01059,Analytics & Data,Competitor B,91
A01059,AI & ML,Competitor D,68
A01059,Security,Competitor D,71
A01059,Integration,Competitor A,85
A01060,Database,Competitor B,82
A01060,Analytics & Data,Competitor D,88
A01060,AI & ML,Competitor B,63
A01060,Security,Competitor A,85
A01060,Applications,Competitor C,77
A01060,Integration,Competitor C,97
A01061,Database,Competitor B,52
A01061,Security,Competitor C,13
A01061,Integration,Competitor B,33
A01062,Database,Competitor D,87
A01062,Analytics & Data,Competitor D,99
A01062,AI & ML,Competitor D,100
A01062,Security,Competitor B,79
A01062,Integration,Competitor A,98
A01063,Infrastructure,Competitor A,70
A01063,Database,Competitor A,64
A01063,Analytics & Data,Competitor D,75
A01063,AI & ML,Competitor D,62
A01063,Security,Competitor C,73
A01063,Applications,Competitor B,67
A01063,Integration,Competitor B,90
A01064,Infrastructure,Competitor A,98
A01064,Database,Competitor C,93
A01064,Analytics & Data,Competitor B,92
A01064,Security,Competitor C,78
A01064,Applications,Competitor C,99
A01064,Integration,Competitor D,68
A01065,Applications,Competitor D,28
A01066,Database,Competitor C,67
A01066,Security,Competitor C,93
A01067,Integration,Competitor B,81
A01068,Analytics & Data,Competitor B,47
A01068,AI & ML,Competitor A,78
A01068,Applications,Competitor B,58
A01069,Database,Competitor D,78
A01069,Integration,Competitor B,27
A01070,Database,Competitor A,88
A01070,Security,Competitor C,71
A01070,Applications,Competitor B,85
A01070,Integration,Competitor D,100
A01071,Infrastructure,Competitor B,58
A01071,Analytics & Data,Competitor A,47
A01072,Security,Competitor C,71
A01072,Applications,Competitor D,21
A01072,Integration,Competitor B,85
A01073,Database,Competitor A,46
A01073,Analytics & Data,Competitor A,76
A01073,AI & ML,Competitor A,82
A01073,Security,Competitor C,37
A01074,Infrastructure,Competitor A,83
A01074,AI & ML,Competitor B,89
A01074,Security,Competitor A,56
A01074,Integration,Competitor C,64
A01075,AI & ML,Competitor C,76
A01075,Security,Competitor B,56
A01075,Applications,Competitor B,77
A01076,Infrastructure,Competitor B,98
A01076,Analytics & Data,Competitor C,99
A01076,AI & ML,Competitor C,97
A01076,Security,Competitor B,100
A01076,Applications,Competitor B,54
A01076,Integration,Competitor D,97
A01077,Infrastructure,Competitor B,39
A01077,Security,Competitor A,21
A01078,Database,Competitor A,51
A01078,AI & ML,Competitor B,86
A01079,Infrastructure,Competitor B,85
A01079,Database,Competitor A,27
A01079,Analytics & Data,Competitor A,50
A01079,AI & ML,Competitor A,42
A01079,Applications,Competitor A,87
A01079,Integration,Competitor C,86
A01080,Infrastructure,Competitor D,98
A01080,Analytics & Data,Competitor B,81
A01080,AI & ML,Competitor B,87
A01080,Security,Competitor B,77
A01081,Infrastructure,Competitor D,27
A01081,Security,Competitor B,72
A01082,Infrastructure,Competitor A,91
A01082,Analytics & Data,Competitor C,72
A01082,Security,Competitor D,81
A01083,Security,Competitor C,23
A01084,Analytics & Data,Competitor C,40
A01084,Security,Competitor A,47
A01085,Analytics & Data,Competitor A,33
A01086,Database,Competitor B,54
A01087,Infrastructure,Competitor A,97
A01087,Database,Competitor A,83
A01087,Analytics & Data,Competitor D,69
A01087,AI & ML,Competitor A,100
A01087,Security,Competitor B,50
A01087,Applications,Competitor B,74
A01087,Integration,Competitor B,90
A01088,Integration,Competitor D,12
A01089,Infrastructure,Competitor B,13
A01089,AI & ML,Competitor A,11
A01089,Security,Competitor C,53
A01089,Applications,Competitor D,11
A01090,Database,Competitor B,82
A01090,Analytics & Data,Competitor B,80
A01090,AI & ML,Competitor A,97
A01090,Security,Competitor A,97
A01090,Applications,Competitor D,49
A01090,Integration,Competitor B,79
A01091,Analytics & Data,Competitor D,58
A01091,AI & ML,Competitor C,36
A01091,Integration,Competitor D,70
A01092,Infrastructure,Competitor B,91
A01092,Database,Competitor C,77
A01092,Analytics & Data,Competitor B,87
A01092,Integration,Competitor B,98
A01093,Infrastructure,Competitor C,53
A01093,Database,Competitor B,37
A01093,AI & ML,Competitor D,39
A01093,Security,Competitor B,64
A01093,Applications,Competitor D,33
A01093,Integration,Competitor D,73
A01094,Infrastructure,Competitor B,89
A01094,Analytics & Data,Competitor D,97
A01094,AI & ML,Competitor C,56
A01094,Security,Competitor D,100
A01094,Applications,Competitor D,99
A01094,Integration,Competitor B,91
A01095,Infrastructure,Competitor C,74
A01095,Analytics & Data,Competitor C,90
A01095,AI & ML,Competitor D,83
A01095,Security,Competitor A,93
A01095,Integration,Competitor B,90
A01096,Analytics & Data,Competitor C,66
A01097,Database,Competitor C,92
A01097,Analytics & Data,Competitor A,72
A01098,Database,Competitor B,71
A01098,AI & ML,Competitor D,98
A01098,Applications,Competitor D,42
A01099,Database,Competitor B,100
A01099,Analytics & Data,Competitor C,34
A01099,AI & ML,Competitor D,88
A01099,Integration,Competitor D,48
A01100,Infrastructure,Competitor D,97
A01100,Database,Competitor C,97
A01100,Analytics & Data,Competitor B,68
A01100,AI & ML,Competitor B,46
A01100,Applications,Competitor A,99
A01100,Integration,Competitor D,97
A01101,Infrastructure,Competitor C,100
A01101,Database,Competitor D,97
A01101,Analytics & Data,Competitor D,92
A01101,Security,Competitor A,71
A01101,Applications,Competitor A,35
A01102,Infrastructure,Competitor C,82
A01102,Analytics & Data,Competitor A,68
A01103,Infrastructure,Competitor B,64
A01103,Analytics & Data,Competitor C,79
A01103,AI & ML,Competitor C,90
A01103,Applications,Competitor B,52
A01103,Integration,Competitor D,97
A01104,Infrastructure,Competitor B,70
A01104,Database,Competitor A,38
A01104,Analytics & Data,Competitor A,85
A01104,AI & ML,Competitor D,72
A01104,Security,Competitor B,57
A01104,Applications,Competitor D,45
A01105,Infrastructure,Competitor B,64
A01105,Database,Competitor A,57
A01105,AI & ML,Competitor D,79
A01105,Security,Competitor B,87
A01105,Applications,Competitor C,87
A01106,Analytics & Data,Competitor C,80
A01106,Security,Competitor A,92
A01106,Integration,Competitor C,36
A01107,Database,Competitor A,89
A01107,Analytics & Data,Competitor C,77
A01107,AI & ML,Competitor D,83
A01107,Security,Competitor A,65
A01107,Applications,Competitor D,65
A01107,Integration,Competitor B,61
A01108,Infrastructure,Competitor A,87
A01108,Database,Competitor B,54
A01108,Analytics & Data,Competitor A,91
A01108,AI & ML,Competitor A,76
A01108,Applications,Competitor B,72
A01108,Integration,Competitor A,48
A01109,Database,Competitor C,40
A01109,Security,Competitor C,61
A01110,Applications,Competitor C,39
A01110,Integration,Competitor D,74
A01111,Infrastructure,Competitor A,100
A01111,Database,Competitor D,68
A01111,Analytics & Data,Competitor B,68
A01111,AI & ML,Competitor D,79
A01111,Security,Competitor C,100
A01112,AI & ML,Competitor C,39
A01112,Applications,Competitor A,69
A01113,Infrastructure,Competitor A,43
A01113,Database,Competitor C,68
A01113,Analytics & Data,Competitor C,93
A01113,Security,Competitor B,85
A01113,Applications,Competitor B,50
A01113,Integration,Competitor C,81
A01114,Infrastructure,Competitor C,92
A01114,Analytics & Data,Competitor B,85
A01114,AI & ML,Competitor C,89
A01114,Applications,Competitor C,100
A01115,Database,Competitor A,67
A01115,Analytics & Data,Competitor B,80
A01115,AI & ML,Competitor C,73
A01115,Security,Competitor C,93
A01115,Applications,Competitor A,91
A01116,Infrastructure,Competitor A,99
A01116,Database,Competitor D,100
A01116,AI & ML,Competitor D,99
A01116,Applications,Competitor D,98
A01116,Integration,Competitor B,98
A01117,Infrastructure,Competitor C,53
A01117,Database,Competitor B,61
A01117,AI & ML,Competitor C,74
A01117,Security,Competitor A,78
A01117,Applications,Competitor C,71
A01118,Infrastructure,Competitor B,98
A01118,Database,Competitor C,87
A01118,AI & ML,Competitor A,98
A01118,Integration,Competitor A,99
A01119,Database,Competitor A,88
A01119,Analytics & Data,Competitor B,67
A01119,Applications,Competitor A,98
A01119,Integration,Competitor D,42
A01121,Infrastructure,Competitor D,99
A01121,Database,Competitor C,100
A01121,Analytics & Data,Competitor B,98
A01121,AI & ML,Competitor A,98
A01121,Security,Competitor C,100
A01121,Applications,Competitor D,99
A01122,Security,Competitor B,29
A01122,Applications,Competitor A,21
A01122,Integration,Competitor C,37
A01123,Database,Competitor C,98
A01123,Analytics & Data,Competitor C,99
A01123,AI & ML,Competitor D,97
A01123,Security,Competitor C,97
A01123,Applications,Competitor B,100
A01123,Integration,Competitor C,97
A01124,Infrastructure,Competitor D,63
A01124,Database,Competitor D,72
A01124,Analytics & Data,Competitor B,91
A01124,AI & ML,Competitor C,98
A01124,Security,Competitor D,98
A01124,Applications,Competitor C,99
A01124,Integration,Competitor B,89
A01125,Database,Competitor B,15
A01126,Infrastructure,Competitor B,36
A01126,Database,Competitor A,55
A01126,Analytics & Data,Competitor A,64
A01126,Security,Competitor A,87
A01126,Applications,Competitor A,56
A01126,Integration,Competitor C,61
A01127,Applications,Competitor C,75
A01128,Database,Competitor A,100
A01128,AI & ML,Competitor C,60
A01128,Security,Competitor D,44
A01128,Applications,Competitor D,97
A01129,Infrastructure,Competitor B,99
A01129,Database,Competitor B,89
A01129,Analytics & Data,Competitor A,58
A01129,Security,Competitor D,77
A01129,Integration,Competitor D,100
A01130,Infrastructure,Competitor C,40
A01131,Database,Competitor B,62
A01131,Analytics & Data,Competitor C,54
A01132,Analytics & Data,Competitor A,66
A01133,AI & ML,Competitor A,71
A01134,Analytics & Data,Competitor A,65
A01134,Security,Competitor B,76
A01134,Integration,Competitor D,73
A01135,Infrastructure,Competitor B,99
A01135,Database,Competitor D,85
A01135,AI & ML,Competitor A,99
A01135,Security,Competitor C,97
A01135,Applications,Competitor A,98
A01135,Integration,Competitor C,97
A01136,Infrastructure,Competitor D,97
A01136,Database,Competitor D,99
A01136,Analytics & Data,Competitor D,97
A01136,Security,Competitor A,97
A01136,Applications,Competitor B,97
A01136,Integration,Competitor C,81
A01137,Analytics & Data,Competitor B,79
A01137,Security,Competitor D,23
A01137,Applications,Competitor B,20
A01137,Integration,Competitor D,42
A01138,Infrastructure,Competitor D,68
A01138,AI & ML,Competitor D,70
A01138,Integration,Competitor D,86
A01139,Integration,Competitor A,58
A01140,Infrastructure,Competitor B,98
A01140,Database,Competitor D,98
A01140,AI & ML,Competitor B,99
A01140,Security,Competitor A,99
A01140,Applications,Competitor D,97
A01140,Integration,Competitor B,89
A01141,Infrastructure,Competitor B,97
A01141,Database,Competitor D,93
A01141,Analytics & Data,Competitor C,97
A01141,Security,Competitor B,99
A01141,Integration,Competitor A,97
A01142,Infrastructure,Competitor B,100
A01142,AI & ML,Competitor A,77
A01142,Security,Competitor A,98
A01142,Applications,Competitor C,71
A01142,Integration,Competitor D,98
A01143,Infrastructure,Competitor B,98
A01143,Database,Competitor D,100
A01143,Analytics & Data,Competitor B,91
A01143,Security,Competitor D,100
A01143,Applications,Competitor D,51
A01143,Integration,Competitor B,100
A01144,Security,Competitor C,66
A01144,Applications,Competitor D,37
A01144,Integration,Competitor B,36
A01145,Infrastructure,Competitor B,54
A01145,Database,Competitor A,93
A01145,AI & ML,Competitor C,90
A01145,Security,Competitor C,80
A01145,Integration,Competitor B,81
A01146,Database,Competitor A,88
A01146,Analytics & Data,Competitor C,46
A01147,Infrastructure,Competitor B,70
A01147,Database,Competitor D,83
A01147,Analytics & Data,Competitor D,77
A01147,AI & ML,Competitor A,87
A01147,Applications,Competitor A,72
A01147,Integration,Competitor D,73
A01148,Security,Competitor A,84
A01149,Database,Competitor D,57
A01149,Analytics & Data,Competitor A,80
A01149,AI & ML,Competitor B,36
A01149,Applications,Competitor C,73
A01149,Integration,Competitor C,47
A01150,Integration,Competitor C,66
A01151,Infrastructure,Competitor A,77
A01151,Analytics & Data,Competitor C,82
A01151,AI & ML,Competitor B,88
A01151,Security,Competitor D,92
A01151,Applications,Competitor B,74
A01151,Integration,Competitor D,76
A01152,Database,Competitor A,97
A01152,AI & ML,Competitor A,66
A01152,Integration,Competitor A,12
A01153,Infrastructure,Competitor C,98
A01153,Analytics & Data,Competitor D,89
A01153,Security,Competitor C,75
A01153,Applications,Competitor D,74
A01153,Integration,Competitor C,86
A01154,Infrastructure,Competitor A,68
A01154,Analytics & Data,Competitor D,77
A01154,AI & ML,Competitor A,62
A01154,Security,Competitor D,76
A01154,Applications,Competitor C,83
A01154,Integration,Competitor C,99
A01155,Infrastructure,Competitor B,58
A01155,Database,Competitor B,69
A01155,AI & ML,Competitor A,67
A01155,Security,Competitor D,44
A01155,Applications,Competitor A,97
A01155,Integration,Competitor D,41
A01156,Database,Competitor C,51
A01156,Analytics & Data,Competitor B,64
A01156,AI & ML,Competitor B,49
A01156,Applications,Competitor A,66
A01156,Integration,Competitor B,55
A01157,Infrastructure,Competitor A,79
A01157,Database,Competitor B,63
A01157,Analytics & Data,Competitor D,27
A01157,AI & ML,Competitor D,41
A01157,Applications,Competitor A,75
A01157,Integration,Competitor C,28
A01158,Infrastructure,Competitor C,69
A01158,Database,Competitor C,74
A01158,Analytics & Data,Competitor B,80
A01158,Security,Competitor A,98
A01159,Database,Competitor B,79
A01159,Security,Competitor B,41
A01159,Applications,Competitor D,37
A01160,Database,Competitor D,81
A01160,Analytics & Data,Competitor B,98
A01160,AI & ML,Competitor A,98
A01160,Security,Competitor D,76
A01160,Integration,Competitor A,66
A01161,Database,Competitor C,74
A01161,Applications,Competitor A,50
A01161,Integration,Competitor B,53
A01162,Infrastructure,Competitor B,99
A01162,Database,Competitor D,69
A01162,Analytics & Data,Competitor B,97
A01162,AI & ML,Competitor B,100
A01162,Security,Competitor B,97
A01162,Applications,Competitor B,41
A01162,Integration,Competitor A,81
A01163,Infrastructure,Competitor B,99
A01163,AI & ML,Competitor A,92
A01163,Security,Competitor A,72
A01163,Applications,Competitor C,30
A01163,Integration,Competitor D,65
A01164,Infrastructure,Competitor B,85
A01164,Analytics & Data,Competitor B,79
A01164,AI & ML,Competitor A,97
A01164,Security,Competitor C,82
A01164,Applications,Competitor C,97
A01164,Integration,Competitor B,97
A01165,Infrastructure,Competitor C,38
A01165,Database,Competitor C,93
A01165,Analytics & Data,Competitor B,82
A01165,AI & ML,Competitor B,62
A01165,Security,Competitor D,41
A01165,Integration,Competitor B,65
A01166,Infrastructure,Competitor D,97
A01166,Database,Competitor C,99
A01166,Analytics & Data,Competitor A,65
A01166,AI & ML,Competitor B,99
A01166,Security,Competitor D,98
A01166,Applications,Competitor B,71
A01166,Integration,Competitor B,83
A01167,Infrastructure,Competitor B,99
A01167,Database,Competitor D,44
A01167,AI & ML,Competitor D,24
A01167,Security,Competitor C,75
A01167,Applications,Competitor B,57
A01168,AI & ML,Competitor B,43
A01168,Security,Competitor A,73
A01168,Applications,Competitor C,63
A01168,Integration,Competitor D,52
A01169,Security,Competitor C,38
A01169,Applications,Competitor C,62
A01170,Database,Competitor C,74
A01170,Analytics & Data,Competitor A,57
A01170,AI & ML,Competitor A,76
A01170,Applications,Competitor D,98
A01170,Integration,Competitor B,64
A01171,Infrastructure,Competitor B,65
A01171,Database,Competitor A,71
A01171,Analytics & Data,Competitor A,31
A01171,Security,Competitor A,100
A01171,Integration,Competitor B,82
A01172,Infrastructure,Competitor A,98
A01172,Database,Competitor B,97
A01172,AI & ML,Competitor B,98
A01172,Security,Competitor B,69
A01172,Applications,Competitor C,45
A01172,Integration,Competitor A,57
A01173,Database,Competitor D,73
A01173,Analytics & Data,Competitor A,48
A01173,AI & ML,Competitor D,71
A01173,Security,Competitor A,81
A01173,Applications,Competitor A,100
A01173,Integration,Competitor C,97
A01174,Infrastructure,Competitor B,37
A01174,Database,Competitor B,49
A01174,AI & ML,Competitor B,57
A01174,Integration,Competitor B,17
A01175,Infrastructure,Competitor A,86
A01175,Analytics & Data,Competitor C,78
A01175,Security,Competitor C,84
A01175,Applications,Competitor B,91
A01176,Infrastructure,Competitor C,100
A01176,Database,Competitor B,100
A01176,Analytics & Data,Competitor A,40
A01176,AI & ML,Competitor B,99
A01176,Applications,Competitor A,97
A01176,Integration,Competitor B,73
A01177,Database,Competitor A,63
A01177,Security,Competitor B,50
A01177,Applications,Competitor D,46
A01177,Integration,Competitor B,56
A01179,Infrastructure,Competitor A,98
A01179,Analytics & Data,Competitor C,84
A01179,AI & ML,Competitor A,62
A01179,Security,Competitor B,82
A01179,Applications,Competitor C,64
A01179,Integration,Competitor D,98
A01180,Infrastructure,Competitor D,91
A01180,Analytics & Data,Competitor C,97
A01180,AI & ML,Competitor D,100
A01180,Security,Competitor D,70
A01181,Infrastructure,Competitor C,40
A01181,Database,Competitor B,56
A01181,Analytics & Data,Competitor C,59
A01181,AI & ML,Competitor B,56
A01181,Applications,Competitor D,39
A01181,Integration,Competitor D,86
A01182,Database,Competitor A,91
A01182,Security,Competitor B,78
A01182,Applications,Competitor B,14
A01184,Infrastructure,Competitor C,84
A01184,Database,Competitor C,91
A01184,AI & ML,Competitor C,74
A01184,Security,Competitor A,80
A01185,Infrastructure,Competitor A,72
A01185,Database,Competitor B,88
A01185,Analytics & Data,Competitor B,51
A01185,Security,Competitor C,84
A01185,Applications,Competitor D,100
A01185,Integration,Competitor A,99
A01186,Database,Competitor D,17
A01186,Analytics & Data,Competitor A,25
A01187,Infrastructure,Competitor C,39
A01187,Analytics & Data,Competitor A,38
A01187,Security,Competitor D,97
A01187,Applications,Competitor A,92
A01188,Infrastructure,Competitor B,37
A01188,Database,Competitor D,62
A01188,Analytics & Data,Competitor A,83
A01188,Security,Competitor B,81
A01188,Applications,Competitor D,87
A01188,Integration,Competitor D,93
A01189,Infrastructure,Competitor B,92
A01189,Database,Competitor C,10
A01189,Analytics & Data,Competitor D,71
A01189,AI & ML,Competitor A,74
A01189,Integration,Competitor B,84
A01190,AI & ML,Competitor B,84
A01190,Security,Competitor C,90
A01190,Applications,Competitor A,49
A01190,Integration,Competitor C,44
A01191,Infrastructure,Competitor B,83
A01191,Security,Competitor A,41
A01191,Applications,Competitor A,63
A01191,Integration,Competitor C,70
A01192,Infrastructure,Competitor C,99
A01192,Database,Competitor C,100
A01192,Analytics & Data,Competitor D,99
A01192,AI & ML,Competitor A,98
A01192,Security,Competitor B,97
A01192,Integration,Competitor C,98
A01193,Infrastructure,Competitor B,66
A01193,Database,Competitor B,67
A01193,Applications,Competitor D,81
A01194,Infrastructure,Competitor D,80
A01194,Database,Competitor B,97
A01194,AI & ML,Competitor A,100
A01194,Applications,Competitor D,99
A01195,Integration,Competitor A,10
A01196,Infrastructure,Competitor A,75
A01196,Database,Competitor A,98
A01196,Analytics & Data,Competitor D,86
A01196,AI & ML,Competitor D,87
A01196,Security,Competitor C,99
A01196,Applications,Competitor C,99
A01196,Integration,Competitor D,47
A01197,Infrastructure,Competitor D,75
A01197,Database,Competitor A,81
A01197,AI & ML,Competitor C,98
A01197,Security,Competitor A,83
A01198,Infrastructure,Competitor C,97
A01198,Database,Competitor C,98
A01198,Analytics & Data,Competitor C,98
A01198,AI & ML,Competitor C,99
A01198,Security,Competitor A,90
A01198,Integration,Competitor C,93
A01199,Infrastructure,Competitor C,51
A01199,Analytics & Data,Competitor D,77
A01199,Security,Competitor A,86
A01199,Applications,Competitor B,74
A01199,Integration,Competitor D,89
A01200,Infrastructure,Competitor C,73
A01200,Database,Competitor A,79
A01200,Analytics & Data,Competitor A,100
A01200,AI & ML,Competitor A,90
A01200,Security,Competitor B,76
A01200,Applications,Competitor A,97
A01200,Integration,Competitor C,72
A01201,Infrastructure,Competitor A,43
A01201,Database,Competitor C,98
A01201,Analytics & Data,Competitor D,99
A01201,AI & ML,Competitor A,56
A01201,Security,Competitor D,91
A01201,Applications,Competitor A,61
A01201,Integration,Competitor A,98
A01202,Database,Competitor D,58
A01202,Applications,Competitor B,59
A01202,Integration,Competitor A,45
A01203,Analytics & Data,Competitor D,75
A01203,AI & ML,Competitor B,52
A01203,Integration,Competitor B,66
A01204,Infrastructure,Competitor A,39
A01204,Database,Competitor A,88
A01204,Analytics & Data,Competitor C,87
A01204,AI & ML,Competitor B,85
A01204,Applications,Competitor B,87
A01205,Analytics & Data,Competitor C,49
A01206,Security,Competitor B,10
A01206,Applications,Competitor D,55
A01206,Integration,Competitor B,37
A01207,Infrastructure,Competitor A,76
A01207,Database,Competitor D,36
A01207,Analytics & Data,Competitor A,80
A01207,AI & ML,Competitor D,50
A01207,Security,Competitor D,91
A01207,Applications,Competitor A,79
A01207,Integration,Competitor A,84
A01208,Database,Competitor B,86
A01208,Analytics & Data,Competitor C,39
A01209,Infrastructure,Competitor A,97
A01209,Database,Competitor C,98
A01209,AI & ML,Competitor B,97
A01209,Security,Competitor B,100
A01209,Applications,Competitor D,21
A01209,Integration,Competitor B,98
A01210,Database,Competitor B,78
A01210,Security,Competitor D,83
A01211,Infrastructure,Competitor A,77
A01211,AI & ML,Competitor B,89
A01211,Applications,Competitor C,25
A01211,Integration,Competitor C,14
A01212,Database,Competitor C,90
A01212,Analytics & Data,Competitor D,76
A01212,Security,Competitor D,45
A01212,Applications,Competitor A,62
A01213,Infrastructure,Competitor B,71
A01213,Database,Competitor C,87
A01213,Analytics & Data,Competitor D,100
A01213,AI & ML,Competitor B,99
A01213,Security,Competitor A,78
A01213,Applications,Competitor A,47
A01215,Infrastructure,Competitor C,99
A01215,Integration,Competitor B,84
A01216,Infrastructure,Competitor C,41
A01216,Database,Competitor A,100
A01216,Analytics & Data,Competitor A,98
A01216,AI & ML,Competitor D,74
A01216,Integration,Competitor A,91
A01217,Infrastructure,Competitor D,87
A01217,Database,Competitor D,99
A01217,Analytics & Data,Competitor C,53
A01217,AI & ML,Competitor B,93
A01217,Applications,Competitor C,81
A01219,Database,Competitor B,85
A01219,AI & ML,Competitor A,100
A01219,Integration,Competitor A,40
A01220,Infrastructure,Competitor A,84
A01220,Database,Competitor D,53
A01220,Security,Competitor D,99
A01220,Applications,Competitor B,47
A01220,Integration,Competitor B,59
A01221,Database,Competitor C,90
A01221,Analytics & Data,Competitor D,88
A01221,AI & ML,Competitor A,58
A01221,Applications,Competitor C,100
A01221,Integration,Competitor A,97
A01222,Infrastructure,Competitor C,99
A01222,Database,Competitor C,38
A01222,Analytics & Data,Competitor B,68
A01222,Security,Competitor D,48
A01222,Applications,Competitor A,55
A01223,Analytics & Data,Competitor D,80
A01223,AI & ML,Competitor D,64
A01223,Security,Competitor B,93
A01223,Applications,Competitor A,56
A01223,Integration,Competitor B,60
A01224,Infrastructure,Competitor B,71
A01224,Database,Competitor C,97
A01224,Analytics & Data,Competitor D,77
A01224,AI & ML,Competitor C,50
A01224,Security,Competitor C,100
A01224,Integration,Competitor A,86
A01225,Infrastructure,Competitor B,39
A01225,Analytics & Data,Competitor C,80
A01225,AI & ML,Competitor B,84
A01225,Security,Competitor C,74
A01225,Applications,Competitor A,70
A01225,Integration,Competitor D,97
A01226,Database,Competitor A,97
A01226,AI & ML,Competitor C,57
A01226,Security,Competitor C,70
A01226,Applications,Competitor D,78
A01226,Integration,Competitor A,88
A01227,Applications,Competitor C,29
A01228,Infrastructure,Competitor B,100
A01228,Database,Competitor C,38
A01228,Analytics & Data,Competitor B,100
A01228,AI & ML,Competitor D,98
A01228,Security,Competitor A,100
A01228,Applications,Competitor D,97
A01228,Integration,Competitor A,82
A01229,Infrastructure,Competitor B,39
A01229,Analytics & Data,Competitor C,79
A01229,Security,Competitor B,91
A01229,Applications,Competitor A,100
A01230,Database,Competitor D,87
A01230,Analytics & Data,Competitor D,80
A01230,AI & ML,Competitor D,88
A01230,Security,Competitor D,100
A01230,Applications,Competitor C,90
A01231,Database,Competitor B,48
A01231,Analytics & Data,Competitor D,83
A01232,Database,Competitor D,48
A01232,AI & ML,Competitor B,59
A01232,Security,Competitor C,48
A01233,Database,Competitor B,99
A01233,Analytics & Data,Competitor A,71
A01233,Security,Competitor B,97
A01234,Database,Competitor D,72
A01234,AI & ML,Competitor C,38
A01235,Infrastructure,Competitor C,97
A01235,Database,Competitor C,76
A01235,Analytics & Data,Competitor A,99
A01235,AI & ML,Competitor A,99
A01235,Security,Competitor C,73
A01235,Applications,Competitor A,93
A01235,Integration,Competitor C,99
A01236,Infrastructure,Competitor A,66
A01236,Analytics & Data,Competitor B,86
A01236,AI & ML,Competitor C,60
A01236,Security,Competitor D,73
A01236,Applications,Competitor C,83
A01237,Infrastructure,Competitor D,100
A01237,Analytics & Data,Competitor B,100
A01237,Applications,Competitor B,88
A01237,Integration,Competitor D,90
A01238,Infrastructure,Competitor B,54
A01238,Applications,Competitor C,71
A01239,Security,Competitor B,30
A01240,Infrastructure,Competitor B,99
A01240,Database,Competitor D,99
A01240,Analytics & Data,Competitor C,100
A01240,AI & ML,Competitor D,89
A01240,Security,Competitor A,98
A01240,Applications,Competitor D,90
A01240,Integration,Competitor D,97
A01241,Infrastructure,Competitor D,93
A01241,Database,Competitor D,85
A01241,Analytics & Data,Competitor C,57
A01241,AI & ML,Competitor B,84
A01241,Applications,Competitor B,80
A01241,Integration,Competitor B,85
A01242,Infrastructure,Competitor A,57
A01242,Analytics & Data,Competitor C,75
A01242,Applications,Competitor C,86
A01242,Integration,Competitor B,59
A01243,Database,Competitor A,75
A01243,Analytics & Data,Competitor D,73
A01243,Security,Competitor B,15
A01243,Applications,Competitor A,100
A01243,Integration,Competitor C,97
A01244,Infrastructure,Competitor B,67
A01244,Database,Competitor C,86
A01244,Analytics & Data,Competitor C,92
A01244,Integration,Competitor D,97
A01245,Infrastructure,Competitor C,100
A01245,Database,Competitor D,75
A01245,Analytics & Data,Competitor A,79
A01245,AI & ML,Competitor C,89
A01245,Security,Competitor C,83
A01246,Applications,Competitor B,81
A01247,Infrastructure,Competitor C,98
A01247,Database,Competitor D,86
A01247,Analytics & Data,Competitor C,78
A01247,AI & ML,Competitor C,97
A01247,Security,Competitor D,93
A01247,Applications,Competitor A,81
A01247,Integration,Competitor B,68
A01248,Infrastructure,Competitor B,78
A01248,Database,Competitor B,71
A01248,Analytics & Data,Competitor D,86
A01248,Security,Competitor B,35
A01248,Integration,Competitor C,81
A01249,Database,Competitor C,49
A01249,Analytics & Data,Competitor C,28
A01249,AI & ML,Competitor C,86
A01249,Security,Competitor A,61
A01249,Applications,Competitor C,65
A01250,Infrastructure,Competitor B,42
A01250,Database,Competitor A,73
A01250,Analytics & Data,Competitor B,42
A01250,AI & ML,Competitor A,99
A01250,Security,Competitor B,76
A01250,Integration,Competitor A,80
A01251,Database,Competitor B,39
A01251,Analytics & Data,Competitor A,66
A01251,Integration,Competitor D,48
A01252,Infrastructure,Competitor D,99
A01252,Database,Competitor C,99
A01252,Analytics & Data,Competitor A,82
A01252,AI & ML,Competitor D,49
A01252,Applications,Competitor D,79
A01252,Integration,Competitor A,80
A01253,Infrastructure,Competitor A,97
A01253,Database,Competitor B,72
A01253,Analytics & Data,Competitor D,93
A01253,Security,Competitor A,89
A01253,Applications,Competitor B,82
A01253,Integration,Competitor D,92
A01254,Database,Competitor C,78
A01254,Analytics & Data,Competitor D,97
A01254,AI & ML,Competitor C,90
A01255,Infrastructure,Competitor A,68
A01255,Analytics & Data,Competitor B,41
A01255,Security,Competitor B,37
A01255,Applications,Competitor A,98
A01255,Integration,Competitor A,73
A01256,Infrastructure,Competitor C,82
A01256,Database,Competitor D,93
A01256,Security,Competitor C,97
A01256,Applications,Competitor C,93
A01257,Infrastructure,Competitor B,74
A01257,Security,Competitor D,85
A01258,Infrastructure,Competitor B,78
A01258,AI & ML,Competitor D,57
A01258,Security,Competitor D,74
A01258,Applications,Competitor B,98
A01259,AI & ML,Competitor A,69
A01259,Security,Competitor D,91
A01260,Infrastructure,Competitor C,80
A01260,Database,Competitor A,84
A01260,Analytics & Data,Competitor C,44
A01260,AI & ML,Competitor B,84
A01260,Applications,Competitor A,99
A01261,Infrastructure,Competitor D,45
A01261,Analytics & Data,Competitor C,69
A01261,Security,Competitor A,69
A01261,Integration,Competitor C,63
A01262,Infrastructure,Competitor B,47
A01262,Security,Competitor A,70
A01262,Integration,Competitor D,82
A01263,Infrastructure,Competitor B,100
A01263,Database,Competitor A,99
A01263,Analytics & Data,Competitor C,97
A01263,AI & ML,Competitor D,54
A01263,Security,Competitor D,86
A01263,Applications,Competitor A,49
A01263,Integration,Competitor D,86
A01264,Database,Competitor D,85
A01264,AI & ML,Competitor B,72
A01264,Security,Competitor B,100
A01264,Applications,Competitor D,98
A01264,Integration,Competitor D,98
A01265,Database,Competitor D,61
A01265,AI & ML,Competitor B,78
A01265,Security,Competitor A,71
A01265,Applications,Competitor D,97
A01265,Integration,Competitor C,84
A01266,Infrastructure,Competitor A,65
A01267,Infrastructure,Competitor A,74
A01267,Analytics & Data,Competitor D,39
A01267,AI & ML,Competitor A,66
A01268,Infrastructure,Competitor B,41
A01268,AI & ML,Competitor D,11
A01268,Security,Competitor A,92
A01268,Integration,Competitor B,99
A01269,Database,Competitor A,64
A01270,AI & ML,Competitor C,56
A01271,Infrastructure,Competitor B,97
A01271,Database,Competitor B,99
A01271,AI & ML,Competitor D,97
A01271,Security,Competitor A,99
A01271,Applications,Competitor B,97
A01272,Infrastructure,Competitor B,97
A01272,Database,Competitor B,99
A01272,Analytics & Data,Competitor B,90
A01272,AI & ML,Competitor C,69
A01272,Security,Competitor D,91
A01272,Applications,Competitor B,98
A01272,Integration,Competitor A,84
A01273,Analytics & Data,Competitor D,21
A01273,AI & ML,Competitor B,54
A01273,Security,Competitor C,33
A01274,Database,Competitor D,45
A01274,AI & ML,Competitor D,55
A01274,Security,Competitor C,56
A01274,Integration,Competitor A,85
A01275,Database,Competitor D,99
A01275,Analytics & Data,Competitor D,84
A01275,AI & ML,Competitor D,74
A01275,Security,Competitor D,39
A01275,Applications,Competitor B,69
A01275,Integration,Competitor D,82
A01276,Database,Competitor D,71
A01276,Analytics & Data,Competitor C,71
A01276,AI & ML,Competitor D,54
A01277,Database,Competitor C,53
A01278,Infrastructure,Competitor B,76
A01278,Analytics & Data,Competitor D,93
A01278,AI & ML,Competitor D,100
A01278,Applications,Competitor B,88
A01279,Infrastructure,Competitor D,97
A01279,Analytics & Data,Competitor D,87
A01279,Security,Competitor A,97
A01279,Applications,Competitor C,79
A01279,Integration,Competitor D,100
A01280,Database,Competitor D,87
A01280,AI & ML,Competitor B,43
A01280,Security,Competitor B,73
A01280,Integration,Competitor A,80
A01281,Infrastructure,Competitor C,60
A01281,AI & ML,Competitor B,40
A01282,Database,Competitor D,65
A01282,Analytics & Data,Competitor C,70
A01282,AI & ML,Competitor A,88
A01282,Security,Competitor A,98
A01282,Applications,Competitor B,85
A01282,Integration,Competitor C,38
A01283,Infrastructure,Competitor A,25
A01283,Database,Competitor A,69
A01283,AI & ML,Competitor A,69
A01283,Security,Competitor D,73
A01283,Applications,Competitor D,97
A01283,Integration,Competitor C,97
A01284,Infrastructure,Competitor C,100
A01284,Database,Competitor D,97
A01284,Analytics & Data,Competitor A,71
A01284,AI & ML,Competitor D,74
A01284,Security,Competitor A,98
A01284,Applications,Competitor D,99
A01284,Integration,Competitor D,98
A01285,Infrastructure,Competitor A,80
A01285,Database,Competitor A,97
A01285,Analytics & Data,Competitor D,35
A01285,AI & ML,Competitor B,91
A01285,Applications,Competitor B,78
A01285,Integration,Competitor A,98
A01286,Infrastructure,Competitor A,77
A01286,Database,Competitor A,56
A01286,Analytics & Data,Competitor D,99
A01286,AI & ML,Competitor A,80
A01286,Applications,Competitor B,83
A01286,Integration,Competitor D,88
A01287,Analytics & Data,Competitor A,50
A01288,Infrastructure,Competitor D,69
A01288,Analytics & Data,Competitor A,78
A01288,AI & ML,Competitor C,100
A01288,Security,Competitor B,80
A01288,Applications,Competitor D,98
A01288,Integration,Competitor B,100
A01289,AI & ML,Competitor D,80
A01290,Infrastructure,Competitor D,98
A01290,Database,Competitor A,70
A01290,Analytics & Data,Competitor C,74
A01290,Security,Competitor B,60
A01290,Integration,Competitor C,78
A01291,Database,Competitor B,73
A01291,Analytics & Data,Competitor C,71
A01291,Security,Competitor D,97
A01291,Integration,Competitor C,61
A01292,Infrastructure,Competitor B,81
A01292,Database,Competitor A,90
A01292,Analytics & Data,Competitor C,75
A01292,Security,Competitor D,99
A01292,Applications,Competitor C,71
A01292,Integration,Competitor A,84
A01293,Applications,Competitor B,88
A01294,Infrastructure,Competitor A,98
A01294,Database,Competitor B,99
A01294,Analytics & Data,Competitor C,59
A01294,AI & ML,Competitor C,97
A01294,Security,Competitor A,92
A01294,Integration,Competitor C,100
A01295,Infrastructure,Competitor B,61
A01295,Database,Competitor B,35
A01296,Infrastructure,Competitor B,38
A01296,Database,Competitor B,87
A01296,AI & ML,Competitor D,74
A01296,Security,Competitor B,90
A01296,Applications,Competitor C,68
A01296,Integration,Competitor B,82
A01297,Infrastructure,Competitor C,71
A01297,Security,Competitor A,90
A01297,Integration,Competitor C,98
A01298,Infrastructure,Competitor B,99
A01298,Database,Competitor D,37
A01298,Analytics & Data,Competitor B,99
A01298,AI & ML,Competitor B,84
A01298,Security,Competitor A,97
A01298,Applications,Competitor B,39
A01298,Integration,Competitor A,100
A01299,Analytics & Data,Competitor D,68
A01299,Security,Competitor A,99
A01299,Applications,Competitor B,99
A01299,Integration,Competitor C,92
A01300,Infrastructure,Competitor B,98
A01300,Database,Competitor C,86
A01300,Analytics & Data,Competitor A,98
A01300,AI & ML,Competitor C,98
A01300,Security,Competitor C,87
A01300,Applications,Competitor B,82
A01300,Integration,Competitor B,44
A01301,Database,Competitor C,38
A01301,AI & ML,Competitor B,52
A01301,Integration,Competitor B,53
A01302,Analytics & Data,Competitor D,78
A01303,Infrastructure,Competitor C,53
A01303,Database,Competitor B,97
A01303,Analytics & Data,Competitor C,86
A01303,AI & ML,Competitor D,81
A01303,Security,Competitor D,86
A01303,Applications,Competitor A,92
A01303,Integration,Competitor B,44
A01304,Infrastructure,Competitor B,99
A01304,Analytics & Data,Competitor B,76
A01304,AI & ML,Competitor D,100
A01304,Applications,Competitor D,82
A01304,Integration,Competitor A,100
A01305,Infrastructure,Competitor D,99
A01305,Database,Competitor D,98
A01305,AI & ML,Competitor C,98
A01305,Security,Competitor D,78
A01305,Applications,Competitor D,53
A01305,Integration,Competitor C,98
A01306,Analytics & Data,Competitor B,63
A01306,Security,Competitor C,48
A01307,Infrastructure,Competitor B,38
A01307,AI & ML,Competitor A,58
A01307,Security,Competitor B,22
A01307,Integration,Competitor A,84
A01308,Infrastructure,Competitor A,92
A01308,Database,Competitor D,87
A01308,Analytics & Data,Competitor D,97
A01308,AI & ML,Competitor D,68
A01308,Security,Competitor B,99
A01308,Applications,Competitor D,85
A01308,Integration,Competitor D,83
A01309,Infrastructure,Competitor D,75
A01309,Database,Competitor A,76
A01309,Analytics & Data,Competitor D,65
A01309,Applications,Competitor B,75
A01310,Infrastructure,Competitor B,81
A01310,Database,Competitor A,98
A01310,Analytics & Data,Competitor A,99
A01310,AI & ML,Competitor B,82
A01310,Applications,Competitor C,83
A01310,Integration,Competitor B,79
A01311,Infrastructure,Competitor A,13
A01311,Security,Competitor D,37
A01311,Applications,Competitor C,36
A01312,Analytics & Data,Competitor C,18
A01312,Applications,Competitor B,88
A01312,Integration,Competitor A,87
A01314,Infrastructure,Competitor D,82
A01314,Database,Competitor D,100
A01314,Analytics & Data,Competitor D,72
A01314,AI & ML,Competitor A,73
A01314,Applications,Competitor B,100
A01314,Integration,Competitor C,98
A01315,Infrastructure,Competitor C,86
A01315,Analytics & Data,Competitor A,99
A01315,AI & ML,Competitor C,98
A01315,Security,Competitor B,99
A01315,Integration,Competitor C,70
A01316,Infrastructure,Competitor C,62
A01316,Security,Competitor D,36
A01316,Integration,Competitor B,72
A01317,Infrastructure,Competitor C,56
A01317,Analytics & Data,Competitor D,50
A01317,AI & ML,Competitor D,54
A01317,Applications,Competitor A,55
A01317,Integration,Competitor A,86
A01318,Infrastructure,Competitor C,77
A01318,AI & ML,Competitor A,50
A01318,Security,Competitor A,68
A01318,Applications,Competitor B,85
A01318,Integration,Competitor C,48
A01319,Infrastructure,Competitor D,92
A01319,AI & ML,Competitor C,72
A01319,Applications,Competitor A,84
A01320,Database,Competitor A,100
A01320,Analytics & Data,Competitor B,46
A01320,Security,Competitor B,38
A01320,Applications,Competitor A,99
A01320,Integration,Competitor B,73
A01321,Infrastructure,Competitor C,69
A01321,Database,Competitor C,56
A01321,Analytics & Data,Competitor A,91
A01321,Security,Competitor A,61
A01321,Applications,Competitor A,100
A01323,Infrastructure,Competitor A,52
A01323,Database,Competitor D,42
A01323,Analytics & Data,Competitor D,71
A01324,Infrastructure,Competitor C,79
A01324,Database,Competitor C,53
A01324,AI & ML,Competitor B,76
A01324,Security,Competitor A,40
A01325,Analytics & Data,Competitor B,76
A01325,AI & ML,Competitor C,66
A01325,Security,Competitor A,46
A01325,Applications,Competitor D,57
A01325,Integration,Competitor A,86
A01326,Infrastructure,Competitor B,100
A01326,Analytics & Data,Competitor B,82
A01326,AI & ML,Competitor D,69
A01326,Security,Competitor A,98
A01326,Applications,Competitor D,99
A01326,Integration,Competitor D,97
A01327,Infrastructure,Competitor D,80
A01327,Database,Competitor D,98
A01327,Analytics & Data,Competitor A,97
A01327,AI & ML,Competitor B,36
A01327,Applications,Competitor B,78
A01327,Integration,Competitor B,83
A01328,Database,Competitor C,90
A01328,Security,Competitor A,79
A01328,Applications,Competitor A,97
A01329,Infrastructure,Competitor D,83
A01329,Database,Competitor B,73
A01329,Analytics & Data,Competitor B,80
A01329,AI & ML,Competitor A,72
A01329,Security,Competitor B,98
A01330,Database,Competitor C,99
A01330,Analytics & Data,Competitor D,75
A01330,AI & ML,Competitor A,99
A01330,Security,Competitor C,40
A01330,Integration,Competitor C,85
A01331,Infrastructure,Competitor B,81
A01331,Database,Competitor A,44
A01331,Security,Competitor B,27
A01332,Infrastructure,Competitor C,70
A01332,Database,Competitor C,47
A01332,Analytics & Data,Competitor C,63
A01332,AI & ML,Competitor B,70
A01332,Security,Competitor D,71
A01332,Integration,Competitor B,73
A01333,AI & ML,Competitor B,59
A01334,Analytics & Data,Competitor B,99
A01334,AI & ML,Competitor A,98
A01334,Applications,Competitor C,69
A01334,Integration,Competitor C,90
A01335,Database,Competitor D,28
A01335,AI & ML,Competitor A,90
A01335,Security,Competitor B,48
A01335,Applications,Competitor B,16
A01336,Infrastructure,Competitor D,98
A01336,Database,Competitor C,54
A01336,AI & ML,Competitor B,72
A01336,Security,Competitor B,80
A01336,Applications,Competitor D,99
A01336,Integration,Competitor C,85
A01337,Database,Competitor C,72
A01337,Analytics & Data,Competitor D,42
A01337,AI & ML,Competitor A,89
A01337,Security,Competitor D,70
A01337,Applications,Competitor B,90
A01337,Integration,Competitor D,91
A01338,AI & ML,Competitor B,89
A01338,Security,Competitor C,67
A01338,Integration,Competitor B,65
A01339,Infrastructure,Competitor D,74
A01339,Database,Competitor A,99
A01339,Analytics & Data,Competitor D,99
A01339,Security,Competitor C,98
A01339,Applications,Competitor B,98
A01339,Integration,Competitor D,100
A01340,Infrastructure,Competitor B,70
A01340,Security,Competitor C,15
A01340,Integration,Competitor D,90
A01341,Database,Competitor B,58
A01341,Analytics & Data,Competitor A,37
A01341,AI & ML,Competitor D,84
A01341,Security,Competitor A,27
A01341,Applications,Competitor C,40
A01342,Infrastructure,Competitor B,11
A01343,Infrastructure,Competitor C,70
A01343,Analytics & Data,Competitor A,84
A01343,AI & ML,Competitor B,75
A01343,Security,Competitor D,89
A01343,Applications,Competitor A,97
A01343,Integration,Competitor A,77
A01344,Infrastructure,Competitor A,98
A01344,Database,Competitor C,99
A01344,Analytics & Data,Competitor D,74
A01344,AI & ML,Competitor B,97
A01344,Security,Competitor C,92
A01345,Database,Competitor A,69
A01345,AI & ML,Competitor C,45
A01345,Integration,Competitor D,79
A01346,Infrastructure,Competitor D,86
A01346,AI & ML,Competitor A,98
A01346,Security,Competitor B,97
A01346,Applications,Competitor D,77
A01346,Integration,Competitor D,97
A01347,Analytics & Data,Competitor C,38
A01347,AI & ML,Competitor C,71
A01347,Security,Competitor A,92
A01347,Applications,Competitor A,35
A01349,Security,Competitor C,78
A01350,Infrastructure,Competitor C,86
A01350,Database,Competitor A,77
A01350,Analytics & Data,Competitor C,41
A01350,AI & ML,Competitor D,69
A01350,Applications,Competitor B,91
A01351,Infrastructure,Competitor C,93
A01351,Database,Competitor C,100
A01351,Analytics & Data,Competitor B,70
A01351,AI & ML,Competitor A,86
A01351,Security,Competitor C,42
A01351,Applications,Competitor C,70
A01352,Database,Competitor B,74
A01352,AI & ML,Competitor B,99
A01352,Security,Competitor C,78
A01352,Applications,Competitor A,77
A01353,AI & ML,Competitor A,91
A01353,Applications,Competitor A,90
A01354,Infrastructure,Competitor B,75
A01354,Analytics & Data,Competitor D,68
A01354,Security,Competitor A,68
A01354,Applications,Competitor B,60
A01355,Infrastructure,Competitor D,38
A01355,AI & ML,Competitor D,65
A01355,Integration,Competitor B,54
A01356,Infrastructure,Competitor A,98
A01356,Database,Competitor D,87
A01356,Analytics & Data,Competitor D,75
A01356,AI & ML,Competitor B,97
A01356,Security,Competitor B,81
A01356,Applications,Competitor C,99
A01357,Database,Competitor C,24
A01357,Analytics & Data,Competitor A,99
A01357,AI & ML,Competitor A,98
A01357,Security,Competitor A,99
A01357,Applications,Competitor A,100
A01357,Integration,Competitor D,99
A01358,AI & ML,Competitor A,60
A01358,Integration,Competitor D,35
A01359,Analytics & Data,Competitor A,90
A01359,AI & ML,Competitor C,98
A01359,Security,Competitor B,97
A01359,Integration,Competitor D,98
A01360,Applications,Competitor D,81
A01361,Infrastructure,Competitor B,99
A01361,Analytics & Data,Competitor A,99
A01361,AI & ML,Competitor D,49
A01361,Security,Competitor B,52
A01361,Applications,Competitor C,90
A01361,Integration,Competitor A,100
A01362,Infrastructure,Competitor B,90
A01362,Database,Competitor D,87
A01362,Analytics & Data,Competitor D,99
A01362,AI & ML,Competitor C,97
A01362,Security,Competitor C,80
A01362,Applications,Competitor C,70
A01362,Integration,Competitor A,99
A01363,Infrastructure,Competitor B,62
A01364,Infrastructure,Competitor D,28
A01364,Database,Competitor B,76
A01364,Analytics & Data,Competitor B,49
A01364,AI & ML,Competitor D,100
A01364,Security,Competitor A,83
A01364,Applications,Competitor A,86
A01364,Integration,Competitor C,84
A01365,Infrastructure,Competitor C,97
A01365,Analytics & Data,Competitor A,100
A01365,AI & ML,Competitor C,99
A01365,Security,Competitor A,76
A01365,Applications,Competitor D,99
A01365,Integration,Competitor B,99
A01366,Infrastructure,Competitor C,89
A01366,AI & ML,Competitor B,93
A01366,Security,Competitor A,90
A01366,Applications,Competitor A,86
A01366,Integration,Competitor B,68
A01367,Infrastructure,Competitor B,72
A01367,AI & ML,Competitor D,40
A01367,Applications,Competitor D,82
A01367,Integration,Competitor C,37
A01368,Database,Competitor D,42
A01368,AI & ML,Competitor B,100
A01368,Security,Competitor B,17
A01368,Applications,Competitor D,90
A01369,Infrastructure,Competitor D,99
A01369,Database,Competitor C,99
A01369,AI & ML,Competitor A,93
A01369,Applications,Competitor C,99
A01369,Integration,Competitor D,23
A01370,Infrastructure,Competitor A,100
A01370,Database,Competitor D,84
A01370,Analytics & Data,Competitor B,76
A01370,AI & ML,Competitor A,87
A01370,Integration,Competitor C,71
A01371,Infrastructure,Competitor D,65
A01371,Applications,Competitor D,85
A01372,Infrastructure,Competitor A,39
A01372,Analytics & Data,Competitor B,30
A01372,AI & ML,Competitor D,34
A01373,Infrastructure,Competitor D,54
A01373,Analytics & Data,Competitor B,42
A01373,Integration,Competitor D,38
A01374,Infrastructure,Competitor C,99
A01374,Database,Competitor D,97
A01374,Analytics & Data,Competitor C,70
A01374,Security,Competitor C,87
A01374,Integration,Competitor B,76
A01375,Infrastructure,Competitor D,38
A01375,Analytics & Data,Competitor C,26
A01375,Security,Competitor A,30
A01375,Integration,Competitor D,100
A01376,Analytics & Data,Competitor A,98
A01376,AI & ML,Competitor B,97
A01376,Security,Competitor A,100
A01376,Applications,Competitor B,99
A01376,Integration,Competitor A,99
A01377,Analytics & Data,Competitor B,77
A01377,AI & ML,Competitor C,68
A01377,Security,Competitor B,83
A01377,Integration,Competitor C,93
A01378,Infrastructure,Competitor A,74
A01378,Analytics & Data,Competitor A,97
A01378,AI & ML,Competitor A,70
A01378,Applications,Competitor A,88
A01378,Integration,Competitor A,99
A01379,Database,Competitor A,68
A01379,Analytics & Data,Competitor B,85
A01379,Security,Competitor A,41
A01379,Integration,Competitor A,43
A01380,Infrastructure,Competitor B,68
A01380,Database,Competitor D,37
A01380,Analytics & Data,Competitor A,81
A01380,AI & ML,Competitor B,78
A01380,Security,Competitor A,14
A01380,Applications,Competitor C,91
A01381,Infrastructure,Competitor C,85
A01381,Database,Competitor D,77
A01381,Security,Competitor D,74
A01381,Applications,Competitor C,100
A01382,Infrastructure,Competitor B,69
A01382,Database,Competitor B,83
A01382,Analytics & Data,Competitor B,64
A01382,AI & ML,Competitor B,57
A01382,Security,Competitor A,71
A01382,Applications,Competitor D,87
A01382,Integration,Competitor C,88
A01383,Infrastructure,Competitor C,85
A01383,Analytics & Data,Competitor B,98
A01383,AI & ML,Competitor C,36
A01383,Security,Competitor A,100
A01383,Applications,Competitor A,98
A01383,Integration,Competitor D,80
A01384,Infrastructure,Competitor A,75
A01384,Database,Competitor B,74
A01384,Analytics & Data,Competitor A,97
A01384,Security,Competitor D,85
A01384,Applications,Competitor A,99
A01384,Integration,Competitor B,68
A01385,Database,Competitor A,92
A01385,Analytics & Data,Competitor D,88
A01385,AI & ML,Competitor A,20
A01386,Infrastructure,Competitor C,82
A01386,Database,Competitor A,81
A01386,Analytics & Data,Competitor C,86
A01386,AI & ML,Competitor C,62
A01386,Security,Competitor A,100
A01386,Applications,Competitor B,48
A01386,Integration,Competitor C,77
A01387,Database,Competitor A,60
A01387,Analytics & Data,Competitor A,44
A01387,AI & ML,Competitor C,99
A01387,Integration,Competitor C,52
A01388,Applications,Competitor C,35
A01388,Integration,Competitor C,30
A01389,Analytics & Data,Competitor A,82
A01389,Security,Competitor C,83
A01389,Applications,Competitor A,98
A01390,Infrastructure,Competitor C,69
A01390,Analytics & Data,Competitor C,99
A01390,AI & ML,Competitor A,30
A01391,Infrastructure,Competitor A,100
A01391,Database,Competitor D,76
A01391,Analytics & Data,Competitor B,68
A01391,AI & ML,Competitor C,87
A01391,Security,Competitor A,98
A01391,Applications,Competitor B,77
A01391,Integration,Competitor D,76
A01392,Infrastructure,Competitor D,97
A01392,AI & ML,Competitor C,87
A01392,Security,Competitor D,98
A01392,Integration,Competitor B,98
A01393,Infrastructure,Competitor C,98
A01393,Database,Competitor A,81
A01393,Analytics & Data,Competitor B,97
A01393,AI & ML,Competitor A,98
A01393,Security,Competitor A,87
A01393,Applications,Competitor C,99
A01393,Integration,Competitor C,88
A01394,Applications,Competitor C,46
A01395,Infrastructure,Competitor C,97
A01395,Database,Competitor B,46
A01395,Security,Competitor B,90
A01396,Infrastructure,Competitor B,99
A01396,Database,Competitor D,78
A01396,AI & ML,Competitor B,90
A01396,Applications,Competitor C,68
A01397,Infrastructure,Competitor B,100
A01397,Database,Competitor D,99
A01397,Analytics & Data,Competitor C,86
A01398,Infrastructure,Competitor D,27
A01398,Database,Competitor B,78
A01398,Security,Competitor B,62
A01398,Applications,Competitor D,81
A01398,Integration,Competitor B,99
A01399,Infrastructure,Competitor C,69
A01399,Database,Competitor B,58
A01399,AI & ML,Competitor B,51
A01399,Applications,Competitor C,88
A01399,Integration,Competitor C,44
A01400,Infrastructure,Competitor C,90
A01400,Security,Competitor C,85
A01400,Applications,Competitor D,85
A01400,Integration,Competitor C,93
A01401,Analytics & Data,Competitor B,87
A01401,AI & ML,Competitor D,92
A01401,Security,Competitor D,89
A01401,Applications,Competitor A,87
A01401,Integration,Competitor A,98
A01402,Security,Competitor C,38
A01403,Infrastructure,Competitor A,93
A01403,Analytics & Data,Competitor A,97
A01403,AI & ML,Competitor D,77
A01403,Applications,Competitor A,87
A01404,Infrastructure,Competitor C,68
A01404,Analytics & Data,Competitor B,99
A01404,AI & ML,Competitor D,36
A01404,Security,Competitor D,100
A01404,Integration,Competitor A,100
A01405,Infrastructure,Competitor C,46
A01405,AI & ML,Competitor B,49
A01405,Security,Competitor A,23
A01405,Integration,Competitor A,63
A01406,Infrastructure,Competitor C,90
A01406,Analytics & Data,Competitor B,79
A01406,Security,Competitor D,72
A01406,Applications,Competitor C,91
A01407,Infrastructure,Competitor D,98
A01407,Database,Competitor D,99
A01407,Analytics & Data,Competitor D,97
A01407,AI & ML,Competitor A,76
A01407,Security,Competitor B,100
A01407,Applications,Competitor A,97
A01407,Integration,Competitor C,92
A01408,Infrastructure,Competitor A,66
A01408,Database,Competitor A,49
A01409,Infrastructure,Competitor B,99
A01409,Database,Competitor A,78
A01409,Analytics & Data,Competitor D,35
A01409,Security,Competitor C,69
A01409,Applications,Competitor D,99
A01409,Integration,Competitor A,98
A01410,Infrastructure,Competitor D,27
A01410,Integration,Competitor A,23
A01411,Infrastructure,Competitor D,50
A01411,Database,Competitor B,46
A01411,Analytics & Data,Competitor A,40
A01411,AI & ML,Competitor D,72
A01411,Applications,Competitor C,68
A01412,Infrastructure,Competitor A,44
A01412,Analytics & Data,Competitor B,81
A01412,Applications,Competitor D,89
A01412,Integration,Competitor B,91
A01413,Analytics & Data,Competitor A,69
A01413,AI & ML,Competitor A,84
A01414,Database,Competitor B,81
A01414,Analytics & Data,Competitor D,100
A01414,AI & ML,Competitor D,68
A01414,Security,Competitor D,76
A01414,Applications,Competitor A,73
A01414,Integration,Competitor A,100
A01415,Security,Competitor B,73
A01416,Infrastructure,Competitor A,52
A01416,Database,Competitor A,93
A01416,AI & ML,Competitor A,65
A01416,Security,Competitor A,98
A01416,Applications,Competitor C,75
A01416,Integration,Competitor C,85
A01417,Infrastructure,Competitor A,90
A01417,Database,Competitor A,97
A01417,Analytics & Data,Competitor A,93
A01417,AI & ML,Competitor A,66
A01417,Security,Competitor B,69
A01417,Integration,Competitor A,98
A01418,Infrastructure,Competitor B,88
A01418,Database,Competitor D,40
A01418,Analytics & Data,Competitor C,29
A01418,AI & ML,Competitor B,42
A01418,Security,Competitor D,63
A01419,Infrastructure,Competitor C,39
A01419,Analytics & Data,Competitor A,86
A01419,Applications,Competitor A,88
A01420,Infrastructure,Competitor D,22
A01420,Database,Competitor D,77
A01420,Analytics & Data,Competitor A,90
A01420,AI & ML,Competitor B,86
A01420,Applications,Competitor C,74
A01421,Infrastructure,Competitor A,15
A01421,Analytics & Data,Competitor D,52
A01421,AI & ML,Competitor B,19
A01421,Applications,Competitor B,36
A01421,Integration,Competitor C,53
A01422,Infrastructure,Competitor D,92
A01422,Security,Competitor D,72
A01422,Applications,Competitor C,35
A01422,Integration,Competitor D,53
A01423,Infrastructure,Competitor A,85
A01423,Integration,Competitor A,98
A01424,Infrastructure,Competitor C,93
A01424,Analytics & Data,Competitor D,100
A01424,AI & ML,Competitor A,66
A01424,Security,Competitor D,14
A01424,Applications,Competitor A,59
A01424,Integration,Competitor D,98
A01425,Infrastructure,Competitor B,37
A01425,Database,Competitor A,98
A01425,AI & ML,Competitor D,93
A01425,Security,Competitor C,99
A01425,Applications,Competitor B,97
A01425,Integration,Competitor B,51
A01426,Security,Competitor C,61
A01426,Applications,Competitor B,27
A01426,Integration,Competitor B,36
A01427,Analytics & Data,Competitor A,45
A01427,Security,Competitor A,93
A01427,Integration,Competitor C,51
A01428,Infrastructure,Competitor B,89
A01428,Database,Competitor A,86
A01428,AI & ML,Competitor B,88
A01428,Integration,Competitor B,77
A01429,Infrastructure,Competitor B,93
A01429,Analytics & Data,Competitor D,17
A01429,Integration,Competitor D,91
A01430,Infrastructure,Competitor D,79
A01430,Analytics & Data,Competitor A,56
A01430,AI & ML,Competitor A,86
A01430,Security,Competitor D,69
A01430,Applications,Competitor D,83
A01430,Integration,Competitor A,73
A01431,Infrastructure,Competitor D,75
A01431,Database,Competitor D,100
A01431,Analytics & Data,Competitor D,99
A01431,AI & ML,Competitor D,79
A01431,Security,Competitor D,84
A01431,Applications,Competitor D,91
A01431,Integration,Competitor B,99
A01432,Analytics & Data,Competitor A,98
A01432,AI & ML,Competitor A,99
A01432,Security,Competitor A,99
A01432,Applications,Competitor C,99
A01433,Database,Competitor C,97
A01433,Analytics & Data,Competitor B,97
A01433,AI & ML,Competitor B,98
A01433,Security,Competitor D,99
A01433,Applications,Competitor D,98
A01434,Infrastructure,Competitor B,99
A01434,Database,Competitor A,98
A01434,AI & ML,Competitor D,98
A01434,Applications,Competitor A,99
A01434,Integration,Competitor B,99
A01435,Infrastructure,Competitor D,87
A01435,AI & ML,Competitor B,55
A01435,Security,Competitor B,97
A01435,Applications,Competitor D,97
A01436,Infrastructure,Competitor A,81
A01436,Security,Competitor D,62
A01436,Integration,Competitor C,61
A01437,Database,Competitor C,93
A01437,Applications,Competitor B,72
A01437,Integration,Competitor B,70
A01438,Infrastructure,Competitor D,69
A01438,Analytics & Data,Competitor C,51
A01438,Applications,Competitor D,92
A01438,Integration,Competitor B,77
A01439,Integration,Competitor A,41
A01440,Infrastructure,Competitor D,61
A01440,Database,Competitor B,39
A01440,Analytics & Data,Competitor A,53
A01440,Security,Competitor A,74
A01440,Applications,Competitor B,79
A01440,Integration,Competitor A,77
A01441,Database,Competitor C,40
A01441,AI & ML,Competitor C,39
A01441,Applications,Competitor D,37
A01441,Integration,Competitor C,82
A01442,Applications,Competitor D,21
A01443,Infrastructure,Competitor A,100
A01443,Analytics & Data,Competitor C,100
A01443,AI & ML,Competitor B,97
A01443,Security,Competitor C,83
A01443,Applications,Competitor C,75
A01444,Infrastructure,Competitor C,73
A01444,Database,Competitor C,100
A01444,Analytics & Data,Competitor B,39
A01444,AI & ML,Competitor A,72
A01444,Security,Competitor C,97
A01444,Applications,Competitor C,98
A01445,Infrastructure,Competitor B,70
A01445,Analytics & Data,Competitor D,58
A01445,AI & ML,Competitor B,80
A01445,Security,Competitor C,91
A01445,Applications,Competitor C,62
A01445,Integration,Competitor A,66
A01446,Infrastructure,Competitor C,69
A01446,Applications,Competitor C,99
A01446,Integration,Competitor C,72
A01447,AI & ML,Competitor D,53
A01447,Applications,Competitor A,71
A01448,Infrastructure,Competitor A,62
A01448,Database,Competitor B,69
A01448,Analytics & Data,Competitor D,47
A01448,AI & ML,Competitor B,65
A01448,Applications,Competitor A,99
A01448,Integration,Competitor D,59
A01449,Database,Competitor D,90
A01449,AI & ML,Competitor A,42
A01449,Integration,Competitor D,35
A01450,Infrastructure,Competitor D,62
A01450,Analytics & Data,Competitor D,59
A01450,Applications,Competitor D,84
A01451,Database,Competitor D,68
A01451,Analytics & Data,Competitor A,53
A01451,AI & ML,Competitor A,86
A01451,Security,Competitor B,93
A01451,Applications,Competitor A,92
A01451,Integration,Competitor D,99
A01452,AI & ML,Competitor A,81
A01452,Security,Competitor D,46
A01452,Applications,Competitor C,60
A01453,Infrastructure,Competitor D,71
A01453,AI & ML,Competitor B,80
A01453,Security,Competitor B,97
A01454,Infrastructure,Competitor B,32
A01454,Applications,Competitor B,37
A01454,Integration,Competitor B,67
A01455,Infrastructure,Competitor C,46
A01455,Security,Competitor D,54
A01456,AI & ML,Competitor C,58
A01456,Security,Competitor D,90
A01456,Applications,Competitor D,100
A01456,Integration,Competitor D,71
A01457,Database,Competitor B,68
A01457,AI & ML,Competitor C,92
A01457,Security,Competitor C,98
A01457,Applications,Competitor A,75
A01457,Integration,Competitor D,82
A01458,Infrastructure,Competitor D,85
A01458,Database,Competitor C,77
A01458,AI & ML,Competitor B,91
A01458,Security,Competitor A,88
A01458,Applications,Competitor B,38
A01458,Integration,Competitor C,17
A01459,Database,Competitor D,76
A01459,Analytics & Data,Competitor D,100
A01459,AI & ML,Competitor D,70
A01459,Security,Competitor A,66
A01459,Applications,Competitor D,39
A01459,Integration,Competitor D,55
A01460,Database,Competitor D,68
A01460,Analytics & Data,Competitor A,69
A01460,AI & ML,Competitor B,89
A01461,AI & ML,Competitor D,35
A01461,Applications,Competitor A,38
A01461,Integration,Competitor C,58
A01462,Applications,Competitor D,82
A01462,Integration,Competitor C,80
A01463,Infrastructure,Competitor B,100
A01463,Security,Competitor C,62
A01463,Integration,Competitor A,45
A01464,Infrastructure,Competitor B,78
A01464,Security,Competitor A,44
A01464,Applications,Competitor D,74
A01465,Infrastructure,Competitor B,87
A01465,Database,Competitor A,100
A01465,Analytics & Data,Competitor C,76
A01465,Applications,Competitor C,87
A01465,Integration,Competitor C,92
A01466,Analytics & Data,Competitor C,72
A01466,AI & ML,Competitor C,74
A01466,Security,Competitor B,73
A01466,Applications,Competitor C,67
A01466,Integration,Competitor B,85
A01467,Infrastructure,Competitor A,22
A01467,Integration,Competitor C,31
A01468,Database,Competitor A,66
A01468,Security,Competitor C,48
A01468,Applications,Competitor D,88
A01468,Integration,Competitor B,72
A01469,Database,Competitor C,99
A01469,Analytics & Data,Competitor C,71
A01469,Security,Competitor C,99
A01469,Applications,Competitor B,97
A01470,Infrastructure,Competitor D,88
A01470,Database,Competitor C,66
A01470,Analytics & Data,Competitor A,72
A01470,AI & ML,Competitor C,84
A01470,Security,Competitor D,83
A01470,Applications,Competitor C,88
A01471,Applications,Competitor B,90
A01472,Infrastructure,Competitor D,97
A01472,Database,Competitor B,100
A01472,Analytics & Data,Competitor C,98
A01472,AI & ML,Competitor C,99
A01472,Security,Competitor D,100
A01472,Integration,Competitor B,72
A01473,Database,Competitor D,62
A01473,Security,Competitor C,61
A01473,Applications,Competitor B,72
A01474,Database,Competitor C,81
A01474,AI & ML,Competitor C,99
A01474,Security,Competitor C,88
A01474,Applications,Competitor C,97
A01474,Integration,Competitor B,85
A01475,Infrastructure,Competitor A,51
A01475,Integration,Competitor A,34
A01476,Infrastructure,Competitor C,52
A01476,Applications,Competitor A,83
A01477,Infrastructure,Competitor C,64
A01477,Database,Competitor B,65
A01477,Analytics & Data,Competitor C,89
A01478,Infrastructure,Competitor B,98
A01478,Database,Competitor D,97
A01478,Analytics & Data,Competitor C,100
A01478,AI & ML,Competitor B,74
A01478,Security,Competitor A,98
A01478,Applications,Competitor C,49
A01478,Integration,Competitor D,98
A01479,Database,Competitor B,97
A01479,Analytics & Data,Competitor D,98
A01479,AI & ML,Competitor B,99
A01479,Security,Competitor A,80
A01479,Applications,Competitor C,92
A01480,Analytics & Data,Competitor C,98
A01480,Security,Competitor D,59
A01481,Infrastructure,Competitor B,90
A01481,Database,Competitor A,80
A01481,Analytics & Data,Competitor D,92
A01481,AI & ML,Competitor D,74
A01481,Security,Competitor B,78
A01481,Applications,Competitor D,99
A01481,Integration,Competitor D,98
A01482,Infrastructure,Competitor D,83
A01482,Security,Competitor B,76
A01482,Applications,Competitor D,30
A01482,Integration,Competitor A,23
A01483,Infrastructure,Competitor A,68
A01483,Database,Competitor C,86
A01483,AI & ML,Competitor B,26
A01483,Applications,Competitor C,80
A01483,Integration,Competitor B,100
A01484,Security,Competitor B,62
A01485,Applications,Competitor D,59
A01485,Integration,Competitor A,75
A01486,Infrastructure,Competitor C,89
A01486,Database,Competitor B,86
A01486,Applications,Competitor A,86
A01486,Integration,Competitor C,38
A01487,Infrastructure,Competitor B,81
A01487,Database,Competitor A,46
A01487,Analytics & Data,Competitor B,67
A01487,AI & ML,Competitor C,52
A01487,Security,Competitor A,97
A01487,Applications,Competitor D,74
A01488,Analytics & Data,Competitor B,92
A01488,AI & ML,Competitor A,57
A01488,Integration,Competitor C,63
A01489,Security,Competitor C,54
A01489,Applications,Competitor A,24
A01490,Infrastructure,Competitor D,99
A01490,Database,Competitor C,70
A01490,Analytics & Data,Competitor C,100
A01490,Security,Competitor A,78
A01490,Integration,Competitor B,81
A01491,Infrastructure,Competitor A,89
A01491,Database,Competitor C,75
A01491,Analytics & Data,Competitor C,83
A01491,Security,Competitor C,100
A01491,Integration,Competitor B,100
A01492,Infrastructure,Competitor C,81
A01492,Database,Competitor C,93
A01492,Analytics & Data,Competitor A,37
A01492,AI & ML,Competitor C,71
A01492,Applications,Competitor D,74
A01493,Database,Competitor A,52
A01493,Analytics & Data,Competitor C,60
A01493,Security,Competitor C,40
A01493,Integration,Competitor B,89
A01494,Infrastructure,Competitor D,36
A01494,Database,Competitor D,45
A01494,Security,Competitor A,51
A01494,Applications,Competitor D,76
A01495,Infrastructure,Competitor C,99
A01495,Database,Competitor A,72
A01495,Analytics & Data,Competitor D,38
A01495,Security,Competitor A,76
A01495,Applications,Competitor C,99
A01495,Integration,Competitor A,80
A01496,Infrastructure,Competitor A,84
A01496,Database,Competitor B,75
A01496,Analytics & Data,Competitor B,75
A01496,AI & ML,Competitor C,68
A01496,Security,Competitor A,83
A01497,Database,Competitor D,74
A01497,Analytics & Data,Competitor B,89
A01498,Infrastructure,Competitor A,92
A01498,Database,Competitor B,71
A01498,Analytics & Data,Competitor A,46
A01498,AI & ML,Competitor D,77
A01498,Security,Competitor B,85
A01499,Infrastructure,Competitor D,45
A01499,Database,Competitor C,70
A01499,Analytics & Data,Competitor D,42
A01499,AI & ML,Competitor A,48
A01500,Infrastructure,Competitor B,40
A01500,Analytics & Data,Competitor D,99
A01500,AI & ML,Competitor A,97
A01500,Security,Competitor B,85
A01500,Applications,Competitor C,100
A01500,Integration,Competitor C,98
A01501,Database,Competitor D,93
A01501,Analytics & Data,Competitor D,47
A01501,Security,Competitor B,76
A01501,Applications,Competitor C,72
A01502,Infrastructure,Competitor C,98
A01502,Database,Competitor C,98
A01502,AI & ML,Competitor A,71
A01502,Security,Competitor B,11
A01502,Applications,Competitor A,71
A01502,Integration,Competitor A,79
A01503,Infrastructure,Competitor C,98
A01503,Analytics & Data,Competitor C,100
A01503,Security,Competitor D,100
A01503,Applications,Competitor C,97
A01503,Integration,Competitor C,100
A01504,Infrastructure,Competitor B,99
A01504,Database,Competitor C,90
A01504,Security,Competitor C,100
A01504,Applications,Competitor B,97
A01504,Integration,Competitor B,51
A01505,Infrastructure,Competitor D,84
A01505,Database,Competitor D,76
A01505,Analytics & Data,Competitor C,74
A01505,Security,Competitor A,78
A01505,Applications,Competitor B,97
A01506,Infrastructure,Competitor D,40
A01506,Database,Competitor C,75
A01506,Analytics & Data,Competitor B,93
A01506,Integration,Competitor C,45
A01507,Security,Competitor B,63
A01508,Analytics & Data,Competitor A,28
A01509,Infrastructure,Competitor D,52
A01509,Database,Competitor B,51
A01509,Analytics & Data,Competitor C,65
A01509,AI & ML,Competitor D,71
A01509,Security,Competitor B,70
A01509,Applications,Competitor D,78
A01509,Integration,Competitor D,99
A01511,Applications,Competitor C,78
A01511,Integration,Competitor D,71
A01512,Infrastructure,Competitor A,73
A01512,Database,Competitor A,99
A01512,Analytics & Data,Competitor D,80
A01512,AI & ML,Competitor D,98
A01512,Security,Competitor B,98
A01512,Applications,Competitor B,86
A01512,Integration,Competitor D,99
A01513,Infrastructure,Competitor A,86
A01513,AI & ML,Competitor D,36
A01514,AI & ML,Competitor A,79
A01514,Security,Competitor A,83
A01514,Applications,Competitor A,57
A01514,Integration,Competitor D,87
A01515,Infrastructure,Competitor C,73
A01515,Database,Competitor D,79
A01515,Analytics & Data,Competitor D,70
A01515,AI & ML,Competitor D,72
A01515,Security,Competitor A,77
A01515,Applications,Competitor B,74
A01516,AI & ML,Competitor D,54
A01517,Database,Competitor C,98
A01517,Analytics & Data,Competitor C,97
A01517,Security,Competitor A,100
A01517,Integration,Competitor B,99
A01518,Infrastructure,Competitor D,18
A01518,Database,Competitor D,19
A01518,Applications,Competitor B,22
A01519,Infrastructure,Competitor C,84
A01519,Database,Competitor A,93
A01519,AI & ML,Competitor A,68
A01519,Security,Competitor A,72
A01519,Applications,Competitor A,78
A01519,Integration,Competitor D,69
A01520,Infrastructure,Competitor A,92
A01520,Database,Competitor B,84
A01520,Analytics & Data,Competitor B,87
A01520,AI & ML,Competitor B,99
A01520,Applications,Competitor C,97
A01520,Integration,Competitor A,88
A01521,Infrastructure,Competitor C,60
A01521,Database,Competitor C,57
A01521,AI & ML,Competitor D,48
A01521,Security,Competitor C,98
A01521,Applications,Competitor C,47
A01521,Integration,Competitor C,50
A01522,Infrastructure,Competitor D,51
A01522,Database,Competitor C,97
A01522,Analytics & Data,Competitor B,98
A01522,AI & ML,Competitor D,97
A01522,Integration,Competitor D,78
A01523,Infrastructure,Competitor D,82
A01523,Database,Competitor D,97
A01523,AI & ML,Competitor C,87
A01523,Security,Competitor D,76
A01523,Applications,Competitor D,99
A01524,Infrastructure,Competitor B,79
A01524,Database,Competitor A,78
A01524,Analytics & Data,Competitor A,77
A01524,AI & ML,Competitor B,97
A01524,Security,Competitor B,97
A01524,Applications,Competitor A,68
A01524,Integration,Competitor B,87
A01526,Analytics & Data,Competitor B,92
A01526,Security,Competitor A,100
A01526,Applications,Competitor D,48
A01526,Integration,Competitor D,37
A01527,Applications,Competitor B,51
A01527,Integration,Competitor B,22
A01528,Database,Competitor C,82
A01528,Analytics & Data,Competitor D,87
A01528,AI & ML,Competitor D,51
A01528,Security,Competitor D,71
A01528,Applications,Competitor D,75
A01528,Integration,Competitor C,78
A01529,Database,Competitor B,91
A01529,Analytics & Data,Competitor D,68
A01529,AI & ML,Competitor B,74
A01529,Security,Competitor D,93
A01529,Applications,Competitor C,70
A01529,Integration,Competitor C,74
A01530,Database,Competitor C,90
A01530,Analytics & Data,Competitor C,99
A01530,Security,Competitor A,52
A01530,Integration,Competitor A,32
A01531,Infrastructure,Competitor D,79
A01531,Analytics & Data,Competitor A,99
A01531,Security,Competitor D,81
A01532,Infrastructure,Competitor D,74
A01532,Database,Competitor D,44
A01532,AI & ML,Competitor D,41
A01532,Security,Competitor A,71
A01533,Infrastructure,Competitor C,89
A01533,AI & ML,Competitor C,97
A01533,Security,Competitor C,80
A01533,Applications,Competitor B,82
A01533,Integration,Competitor A,97
A01534,Infrastructure,Competitor B,99
A01534,Database,Competitor B,84
A01534,Analytics & Data,Competitor B,93
A01534,AI & ML,Competitor B,40
A01534,Integration,Competitor A,76
A01535,AI & ML,Competitor C,78
A01535,Applications,Competitor A,39
A01536,Infrastructure,Competitor C,82
A01536,Analytics & Data,Competitor C,98
A01536,AI & ML,Competitor D,98
A01536,Applications,Competitor D,69
A01536,Integration,Competitor D,100
A01537,Database,Competitor A,98
A01537,Analytics & Data,Competitor A,71
A01537,Security,Competitor D,99
A01537,Applications,Competitor B,100
A01537,Integration,Competitor D,98
A01538,Infrastructure,Competitor D,81
A01538,Database,Competitor D,58
A01538,Analytics & Data,Competitor D,91
A01538,AI & ML,Competitor D,68
A01538,Integration,Competitor A,86
A01539,Infrastructure,Competitor D,84
A01540,Database,Competitor A,44
A01540,Analytics & Data,Competitor D,89
A01540,AI & ML,Competitor B,45
A01540,Security,Competitor B,54
A01541,Integration,Competitor D,31
A01542,Infrastructure,Competitor B,97
A01542,Database,Competitor A,69
A01542,Analytics & Data,Competitor A,93
A01542,AI & ML,Competitor C,100
A01542,Applications,Competitor D,98
A01542,Integration,Competitor B,100
A01543,Infrastructure,Competitor B,88
A01543,Analytics & Data,Competitor B,98
A01543,Applications,Competitor B,100
A01543,Integration,Competitor D,90
A01544,Infrastructure,Competitor A,85
A01544,Database,Competitor A,87
A01544,Analytics & Data,Competitor A,91
A01544,AI & ML,Competitor D,84
A01544,Security,Competitor C,85
A01544,Integration,Competitor A,72
A01545,Infrastructure,Competitor D,93
A01545,Database,Competitor D,86
A01545,AI & ML,Competitor C,78
A01545,Applications,Competitor A,73
A01545,Integration,Competitor C,76
A01546,Database,Competitor C,99
A01546,Analytics & Data,Competitor B,97
A01546,AI & ML,Competitor D,84
A01546,Applications,Competitor D,92
A01546,Integration,Competitor D,84
A01547,Infrastructure,Competitor D,89
A01547,Database,Competitor D,62
A01547,AI & ML,Competitor D,87
A01547,Applications,Competitor D,50
A01548,Database,Competitor C,56
A01548,Security,Competitor C,85
A01549,Infrastructure,Competitor A,34
A01549,Database,Competitor B,57
A01549,Analytics & Data,Competitor A,11
A01549,AI & ML,Competitor B,32
A01549,Integration,Competitor A,67
A01550,Security,Competitor D,34
A01551,Infrastructure,Competitor C,80
A01551,Database,Competitor A,14
A01551,Analytics & Data,Competitor D,84
A01551,AI & ML,Competitor B,89
A01551,Security,Competitor C,75
A01551,Integration,Competitor A,100
A01552,Database,Competitor A,75
A01552,AI & ML,Competitor B,66
A01552,Applications,Competitor A,70
A01553,Infrastructure,Competitor A,70
A01553,Database,Competitor A,99
A01553,Analytics & Data,Competitor B,98
A01553,AI & ML,Competitor C,99
A01553,Security,Competitor C,98
A01553,Applications,Competitor A,99
A01553,Integration,Competitor C,97
A01554,Infrastructure,Competitor B,40
A01554,AI & ML,Competitor A,39
A01554,Applications,Competitor A,14
A01555,Infrastructure,Competitor A,61
A01555,Database,Competitor C,63
A01555,Analytics & Data,Competitor D,59
A01555,AI & ML,Competitor A,42
A01555,Security,Competitor D,15
A01556,Security,Competitor A,67
A01556,Integration,Competitor B,74
A01557,Analytics & Data,Competitor A,36
A01558,Infrastructure,Competitor C,97
A01558,Database,Competitor C,73
A01558,Analytics & Data,Competitor B,70
A01558,Security,Competitor D,97
A01558,Applications,Competitor A,100
A01558,Integration,Competitor B,98
A01559,Infrastructure,Competitor A,90
A01559,Analytics & Data,Competitor D,84
A01559,Security,Competitor D,48
A01559,Integration,Competitor C,75
A01560,Security,Competitor B,59
A01560,Applications,Competitor D,51
A01560,Integration,Competitor A,40
A01561,Analytics & Data,Competitor D,68
A01561,Security,Competitor C,74
A01561,Applications,Competitor A,97
A01561,Integration,Competitor B,36
A01562,Infrastructure,Competitor B,63
A01562,Database,Competitor B,58
A01562,Security,Competitor D,53
A01562,Applications,Competitor C,79
A01562,Integration,Competitor B,22
A01563,Database,Competitor C,100
A01563,Security,Competitor D,91
A01563,Applications,Competitor C,98
A01563,Integration,Competitor C,64
A01564,Infrastructure,Competitor C,77
A01564,Database,Competitor B,86
A01564,Analytics & Data,Competitor B,71
A01564,AI & ML,Competitor B,100
A01564,Security,Competitor B,69
A01564,Integration,Competitor D,73
A01565,Infrastructure,Competitor B,51
A01565,Analytics & Data,Competitor C,52
A01566,Infrastructure,Competitor B,53
A01566,Analytics & Data,Competitor A,100
A01566,AI & ML,Competitor C,97
A01566,Security,Competitor A,98
A01566,Applications,Competitor A,97
A01566,Integration,Competitor C,83
A01567,Infrastructure,Competitor C,98
A01567,Database,Competitor D,79
A01567,AI & ML,Competitor A,98
A01567,Applications,Competitor C,90
A01567,Integration,Competitor B,99
A01568,Infrastructure,Competitor B,71
A01568,Database,Competitor A,97
A01568,AI & ML,Competitor A,99
A01568,Security,Competitor A,69
A01568,Applications,Competitor B,37
A01568,Integration,Competitor B,83
A01569,Infrastructure,Competitor A,35
A01569,Security,Competitor C,37
A01569,Integration,Competitor C,44
A01570,Database,Competitor C,82
A01570,Analytics & Data,Competitor C,72
A01570,AI & ML,Competitor A,90
A01570,Security,Competitor C,85
A01570,Applications,Competitor A,86
A01570,Integration,Competitor C,99
A01571,Database,Competitor D,100
A01571,Security,Competitor C,67
A01571,Integration,Competitor C,74
A01572,Security,Competitor B,39
A01573,Infrastructure,Competitor C,69
A01573,Analytics & Data,Competitor C,87
A01573,AI & ML,Competitor C,82
A01573,Applications,Competitor A,74
A01574,Infrastructure,Competitor A,90
A01574,Database,Competitor D,99
A01574,AI & ML,Competitor C,93
A01574,Integration,Competitor B,91
A01575,Applications,Competitor D,59
A01576,Infrastructure,Competitor C,98
A01576,Analytics & Data,Competitor C,78
A01576,AI & ML,Competitor D,82
A01576,Security,Competitor D,89
A01576,Applications,Competitor A,98
A01576,Integration,Competitor B,100
A01577,Analytics & Data,Competitor D,18
A01577,Security,Competitor D,77
A01578,Infrastructure,Competitor B,98
A01578,Database,Competitor C,97
A01578,Analytics & Data,Competitor D,86
A01578,AI & ML,Competitor D,99
A01578,Security,Competitor D,100
A01578,Applications,Competitor A,91
A01578,Integration,Competitor A,97
A01579,Infrastructure,Competitor D,57
A01579,Database,Competitor A,52
A01579,Security,Competitor A,78
A01580,Analytics & Data,Competitor C,36
A01580,Security,Competitor C,55
A01581,AI & ML,Competitor D,14
A01582,Infrastructure,Competitor C,78
A01582,Analytics & Data,Competitor D,38
A01582,AI & ML,Competitor A,89
A01582,Security,Competitor B,38
A01582,Applications,Competitor C,87
A01582,Integration,Competitor D,45
A01583,Infrastructure,Competitor C,13
A01583,AI & ML,Competitor A,75
A01583,Security,Competitor A,83
A01583,Applications,Competitor D,99
A01583,Integration,Competitor B,72
A01584,Infrastructure,Competitor B,69
A01584,Analytics & Data,Competitor A,70
A01584,Security,Competitor A,36
A01584,Applications,Competitor C,75
A01585,Security,Competitor D,80
A01585,Integration,Competitor C,93
A01586,Infrastructure,Competitor B,97
A01586,Database,Competitor D,97
A01586,Security,Competitor A,62
A01586,Applications,Competitor A,100
A01586,Integration,Competitor B,75
A01588,Infrastructure,Competitor A,45
A01588,Analytics & Data,Competitor B,63
A01588,AI & ML,Competitor B,69
A01589,Infrastructure,Competitor A,98
A01589,Database,Competitor A,98
A01589,Security,Competitor A,98
A01589,Applications,Competitor B,99
A01589,Integration,Competitor A,98
A01590,Infrastructure,Competitor A,78
A01590,Database,Competitor B,83
A01590,Analytics & Data,Competitor A,70
A01591,Infrastructure,Competitor C,46
A01591,Database,Competitor D,98
A01591,Analytics & Data,Competitor A,99
A01591,Security,Competitor D,55
A01591,Integration,Competitor B,90
A01592,Infrastructure,Competitor D,98
A01592,AI & ML,Competitor C,97
A01593,Infrastructure,Competitor C,39
A01593,Database,Competitor A,78
A01593,Analytics & Data,Competitor C,88
A01593,AI & ML,Competitor D,85
A01593,Integration,Competitor D,88
A01594,Infrastructure,Competitor B,87
A01594,Database,Competitor A,69
A01594,Analytics & Data,Competitor B,81
A01594,AI & ML,Competitor C,87
A01594,Applications,Competitor D,84
A01594,Integration,Competitor A,87
A01595,Integration,Competitor C,55
A01596,Database,Competitor A,40
A01596,AI & ML,Competitor C,17
A01596,Applications,Competitor C,74
A01596,Integration,Competitor C,62
A01597,Infrastructure,Competitor C,82
A01597,Database,Competitor B,79
A01597,AI & ML,Competitor A,99
A01597,Security,Competitor B,99
A01597,Applications,Competitor D,77
A01597,Integration,Competitor C,99
A01598,Infrastructure,Competitor D,93
A01598,Database,Competitor A,81
A01598,Analytics & Data,Competitor A,100
A01598,Security,Competitor B,85
A01599,Infrastructure,Competitor D,75
A01599,Database,Competitor B,83
A01599,AI & ML,Competitor A,100
A01599,Security,Competitor B,86
A01599,Applications,Competitor C,88
A01599,Integration,Competitor A,87
A01600,Infrastructure,Competitor A,85
A01600,Database,Competitor B,80
A01600,Analytics & Data,Competitor D,87
A01600,AI & ML,Competitor A,78
A01600,Integration,Competitor C,97
A01601,AI & ML,Competitor D,36
A01602,Database,Competitor B,80
A01602,Security,Competitor B,91
A01602,Applications,Competitor A,99
A01602,Integration,Competitor C,90
A01603,Database,Competitor C,37
A01603,Analytics & Data,Competitor A,52
A01603,Integration,Competitor B,26
A01604,Infrastructure,Competitor C,26
A01604,Database,Competitor A,43
A01604,AI & ML,Competitor C,52
A01604,Security,Competitor D,30
A01605,AI & ML,Competitor D,83
A01605,Security,Competitor D,50
A01605,Integration,Competitor D,89
A01606,Infrastructure,Competitor D,97
A01606,Database,Competitor D,80
A01606,Analytics & Data,Competitor C,69
A01606,AI & ML,Competitor C,45
A01606,Security,Competitor D,51
A01606,Applications,Competitor B,82
A01606,Integration,Competitor C,74
A01607,Infrastructure,Competitor B,60
A01607,Database,Competitor D,69
A01607,Analytics & Data,Competitor A,100
A01607,AI & ML,Competitor A,48
A01607,Security,Competitor D,99
A01607,Applications,Competitor C,85
A01607,Integration,Competitor A,99
A01608,Infrastructure,Competitor A,58
A01608,Database,Competitor A,13
A01609,Infrastructure,Competitor C,35
A01609,Database,Competitor A,36
A01609,AI & ML,Competitor B,98
A01609,Security,Competitor D,97
A01609,Applications,Competitor D,99
A01609,Integration,Competitor B,78
A01610,Infrastructure,Competitor B,69
A01610,Database,Competitor C,92
A01610,AI & ML,Competitor B,97
A01610,Security,Competitor D,85
A01610,Applications,Competitor C,87
A01610,Integration,Competitor D,98
A01611,Security,Competitor B,74
A01611,Applications,Competitor A,49
A01612,Infrastructure,Competitor C,71
A01612,Analytics & Data,Competitor D,99
A01612,AI & ML,Competitor A,98
A01612,Security,Competitor D,70
A01612,Applications,Competitor D,79
A01613,Database,Competitor D,64
A01613,AI & ML,Competitor D,93
A01613,Security,Competitor D,82
A01613,Integration,Competitor B,65
A01614,Analytics & Data,Competitor B,98
A01614,AI & ML,Competitor A,68
A01614,Security,Competitor B,77
A01614,Applications,Competitor A,80
A01614,Integration,Competitor B,82
A01615,Database,Competitor C,54
A01615,Security,Competitor B,38
A01616,Database,Competitor B,18
A01616,Analytics & Data,Competitor D,45
A01617,Infrastructure,Competitor D,75
A01617,AI & ML,Competitor C,30
A01617,Security,Competitor C,64
A01617,Applications,Competitor D,89
A01618,Infrastructure,Competitor C,97
A01618,Analytics & Data,Competitor D,43
A01618,AI & ML,Competitor C,74
A01618,Security,Competitor C,97
A01619,Security,Competitor C,65
A01619,Applications,Competitor C,60
A01620,Infrastructure,Competitor D,68
A01620,Database,Competitor A,24
A01620,AI & ML,Competitor A,69
A01620,Integration,Competitor C,88
A01621,Database,Competitor A,78
A01621,Analytics & Data,Competitor B,73
A01621,AI & ML,Competitor B,76
A01621,Security,Competitor A,79
A01621,Applications,Competitor B,74
A01621,Integration,Competitor B,77
A01622,Database,Competitor B,84
A01622,Analytics & Data,Competitor C,79
A01622,AI & ML,Competitor C,98
A01622,Security,Competitor B,47
A01622,Applications,Competitor D,73
A01623,Infrastructure,Competitor B,34
A01623,Applications,Competitor B,40
A01624,Infrastructure,Competitor D,98
A01624,Database,Competitor D,97
A01624,Analytics & Data,Competitor A,97
A01624,AI & ML,Competitor D,57
A01624,Security,Competitor A,99
A01624,Applications,Competitor D,97
A01624,Integration,Competitor D,98
A01625,Infrastructure,Competitor D,29
A01625,Security,Competitor D,86
A01625,Applications,Competitor A,43
A01626,Analytics & Data,Competitor D,86
A01626,AI & ML,Competitor D,71
A01626,Integration,Competitor A,41
A01627,Infrastructure,Competitor D,87
A01627,Analytics & Data,Competitor A,50
A01627,AI & ML,Competitor B,98
A01627,Security,Competitor C,75
A01628,Infrastructure,Competitor B,70
A01628,Database,Competitor D,97
A01628,AI & ML,Competitor D,70
A01628,Security,Competitor A,77
A01628,Integration,Competitor B,98
A01629,Integration,Competitor B,74
A01630,Infrastructure,Competitor D,87
A01630,Database,Competitor A,67
A01630,Analytics & Data,Competitor A,81
A01630,Applications,Competitor D,82
A01631,Infrastructure,Competitor C,86
A01631,AI & ML,Competitor C,99
A01631,Applications,Competitor C,98
A01632,Infrastructure,Competitor D,76
A01632,Analytics & Data,Competitor D,74
A01632,AI & ML,Competitor C,51
A01632,Applications,Competitor A,69
A01632,Integration,Competitor C,29
A01633,Applications,Competitor B,76
A01634,Infrastructure,Competitor A,80
A01634,Analytics & Data,Competitor D,99
A01634,AI & ML,Competitor C,56
A01634,Integration,Competitor C,34
A01635,Database,Competitor D,81
A01635,Analytics & Data,Competitor C,81
A01635,Security,Competitor D,91
A01635,Integration,Competitor C,74
A01636,Infrastructure,Competitor B,99
A01636,AI & ML,Competitor C,100
A01636,Security,Competitor A,92
A01636,Applications,Competitor D,35
A01637,Infrastructure,Competitor C,73
A01637,Database,Competitor C,55
A01637,Analytics & Data,Competitor C,42
A01637,AI & ML,Competitor C,90
A01637,Security,Competitor B,68
A01638,Database,Competitor B,77
A01638,Applications,Competitor B,36
A01639,Infrastructure,Competitor C,70
A01639,Database,Competitor A,35
A01639,AI & ML,Competitor C,68
A01639,Security,Competitor D,35
A01639,Applications,Competitor D,67
A01639,Integration,Competitor C,57
A01640,Infrastructure,Competitor A,91
A01641,Infrastructure,Competitor A,90
A01641,Analytics & Data,Competitor D,97
A01641,AI & ML,Competitor B,99
A01641,Security,Competitor B,100
A01641,Applications,Competitor C,87
A01641,Integration,Competitor A,100
A01642,Database,Competitor C,86
A01642,Analytics & Data,Competitor D,91
A01642,AI & ML,Competitor D,100
A01642,Integration,Competitor B,93
A01643,Infrastructure,Competitor D,99
A01643,Analytics & Data,Competitor D,86
A01643,AI & ML,Competitor B,69
A01643,Security,Competitor C,99
A01643,Integration,Competitor A,68
A01644,Database,Competitor A,83
A01644,Analytics & Data,Competitor C,90
A01644,AI & ML,Competitor D,91
A01644,Security,Competitor B,74
A01645,Infrastructure,Competitor C,47
A01645,Database,Competitor B,98
A01645,Analytics & Data,Competitor B,67
A01645,Applications,Competitor A,84
A01645,Integration,Competitor C,67
A01646,Database,Competitor A,99
A01646,Analytics & Data,Competitor D,78
A01646,Integration,Competitor A,43
A01647,Database,Competitor C,78
A01647,Analytics & Data,Competitor C,97
A01647,AI & ML,Competitor B,84
A01647,Security,Competitor D,100
A01647,Integration,Competitor A,97
A01648,Infrastructure,Competitor B,68
A01648,Database,Competitor D,99
A01648,Analytics & Data,Competitor C,92
A01648,AI & ML,Competitor D,98
A01648,Security,Competitor A,97
A01648,Applications,Competitor C,84
A01648,Integration,Competitor A,98
A01649,Infrastructure,Competitor B,48
A01649,Analytics & Data,Competitor A,84
A01649,Security,Competitor A,93
A01650,Infrastructure,Competitor B,90
A01650,Database,Competitor C,49
A01650,Analytics & Data,Competitor C,99
A01650,AI & ML,Competitor B,98
A01650,Security,Competitor D,98
A01650,Applications,Competitor D,83
A01650,Integration,Competitor D,89
A01651,Infrastructure,Competitor B,85
A01651,Database,Competitor B,26
A01651,Analytics & Data,Competitor D,79
A01651,AI & ML,Competitor D,79
A01651,Security,Competitor D,97
A01651,Applications,Competitor C,77
A01651,Integration,Competitor B,91
A01652,Infrastructure,Competitor A,80
A01652,Database,Competitor A,77
A01652,Analytics & Data,Competitor D,98
A01652,Applications,Competitor B,62
A01652,Integration,Competitor C,68
A01653,Infrastructure,Competitor C,93
A01653,Database,Competitor A,83
A01653,Analytics & Data,Competitor D,70
A01653,AI & ML,Competitor C,45
A01653,Security,Competitor A,52
A01653,Integration,Competitor C,46
A01654,Infrastructure,Competitor C,82
A01654,Analytics & Data,Competitor D,74
A01654,AI & ML,Competitor D,71
A01654,Applications,Competitor B,74
A01654,Integration,Competitor A,60
A01655,Infrastructure,Competitor B,42
A01655,AI & ML,Competitor B,98
A01655,Security,Competitor C,43
A01655,Applications,Competitor C,92
A01655,Integration,Competitor D,73
A01656,Infrastructure,Competitor D,45
A01656,Analytics & Data,Competitor D,100
A01656,AI & ML,Competitor A,98
A01656,Security,Competitor B,100
A01656,Applications,Competitor C,97
A01656,Integration,Competitor C,80
A01657,Infrastructure,Competitor A,65
A01657,Analytics & Data,Competitor D,91
A01657,Security,Competitor A,53
A01657,Applications,Competitor D,69
A01658,Infrastructure,Competitor A,92
A01658,Database,Competitor B,91
A01658,Analytics & Data,Competitor A,100
A01658,AI & ML,Competitor B,71
A01658,Applications,Competitor C,78
A01658,Integration,Competitor B,100
A01659,Security,Competitor A,69
A01660,Database,Competitor D,97
A01660,Analytics & Data,Competitor D,87
A01660,AI & ML,Competitor A,73
A01660,Applications,Competitor B,90
A01661,Analytics & Data,Competitor B,82
A01662,Database,Competitor B,87
A01662,Analytics & Data,Competitor C,71
A01662,Security,Competitor A,66
A01662,Integration,Competitor C,85
A01663,Applications,Competitor C,91
A01664,Infrastructure,Competitor B,67
A01664,Database,Competitor B,53
A01664,Security,Competitor D,99
A01664,Applications,Competitor B,69
A01664,Integration,Competitor C,88
A01665,Infrastructure,Competitor B,99
A01665,Database,Competitor D,72
A01665,Analytics & Data,Competitor B,82
A01665,AI & ML,Competitor A,88
A01665,Applications,Competitor C,72
A01666,Infrastructure,Competitor C,82
A01666,Database,Competitor C,98
A01666,Analytics & Data,Competitor C,91
A01666,Security,Competitor B,70
A01666,Applications,Competitor B,81
A01667,Infrastructure,Competitor A,92
A01667,Analytics & Data,Competitor C,49
A01667,Security,Competitor D,92
A01667,Applications,Competitor B,93
A01668,Infrastructure,Competitor A,70
A01668,Database,Competitor D,76
A01668,Applications,Competitor C,99
A01669,Infrastructure,Competitor A,71
A01669,Analytics & Data,Competitor B,100
A01669,AI & ML,Competitor A,70
A01669,Security,Competitor B,80
A01669,Applications,Competitor C,75
A01670,Analytics & Data,Competitor D,86
A01670,AI & ML,Competitor C,98
A01670,Applications,Competitor A,77
A01670,Integration,Competitor D,72
A01671,Infrastructure,Competitor A,100
A01671,Database,Competitor C,88
A01671,AI & ML,Competitor B,93
A01671,Security,Competitor A,76
A01671,Applications,Competitor B,99
A01671,Integration,Competitor D,74
A01672,Database,Competitor A,83
A01672,Analytics & Data,Competitor B,97
A01672,AI & ML,Competitor C,100
A01672,Security,Competitor D,74
A01672,Applications,Competitor C,71
A01673,Infrastructure,Competitor A,56
A01673,Database,Competitor D,97
A01673,Analytics & Data,Competitor B,88
A01673,AI & ML,Competitor C,87
A01673,Security,Competitor C,72
A01673,Integration,Competitor B,92
A01674,Analytics & Data,Competitor D,40
A01674,Integration,Competitor D,72
A01675,Database,Competitor D,62
A01675,Analytics & Data,Competitor B,63
A01675,Integration,Competitor D,82
A01676,Infrastructure,Competitor B,77
A01676,Analytics & Data,Competitor D,55
A01676,Applications,Competitor D,56
A01677,Infrastructure,Competitor C,99
A01677,Database,Competitor A,97
A01677,Analytics & Data,Competitor C,100
A01677,AI & ML,Competitor C,84
A01677,Applications,Competitor B,86
A01677,Integration,Competitor B,99
A01678,Infrastructure,Competitor B,86
A01678,Database,Competitor C,100
A01678,Analytics & Data,Competitor D,73
A01678,Security,Competitor C,74
A01678,Applications,Competitor D,16
A01678,Integration,Competitor A,77
A01679,Infrastructure,Competitor B,86
A01679,Database,Competitor C,100
A01679,Security,Competitor D,80
A01679,Applications,Competitor B,64
A01680,Database,Competitor D,99
A01680,Applications,Competitor D,67
A01680,Integration,Competitor A,46
A01681,Database,Competitor D,76
A01681,Security,Competitor A,82
A01681,Applications,Competitor B,100
A01681,Integration,Competitor D,66
A01682,Infrastructure,Competitor C,98
A01682,Analytics & Data,Competitor C,51
A01682,Security,Competitor A,46
A01682,Integration,Competitor C,62
A01683,Infrastructure,Competitor A,25
A01683,Database,Competitor B,42
A01683,Analytics & Data,Competitor D,22
A01683,AI & ML,Competitor B,97
A01683,Security,Competitor B,50
A01683,Applications,Competitor A,77
A01683,Integration,Competitor D,58
A01684,Database,Competitor A,45
A01684,Applications,Competitor C,14
A01685,Infrastructure,Competitor B,39
A01685,Database,Competitor D,70
A01685,Analytics & Data,Competitor B,83
A01685,Security,Competitor B,77
A01686,Infrastructure,Competitor C,99
A01686,Database,Competitor D,71
A01686,Analytics & Data,Competitor A,99
A01686,AI & ML,Competitor D,60
A01686,Security,Competitor B,100
A01686,Applications,Competitor B,99
A01687,Infrastructure,Competitor C,72
A01687,AI & ML,Competitor B,100
A01687,Security,Competitor B,93
A01687,Applications,Competitor B,76
A01687,Integration,Competitor C,77
A01688,Analytics & Data,Competitor B,24
A01688,AI & ML,Competitor D,20
A01688,Security,Competitor B,13
A01689,Infrastructure,Competitor A,97
A01689,Database,Competitor B,52
A01689,Analytics & Data,Competitor C,70
A01689,AI & ML,Competitor B,97
A01689,Security,Competitor A,100
A01690,Infrastructure,Competitor A,68
A01690,Database,Competitor B,97
A01690,Analytics & Data,Competitor B,88
A01690,AI & ML,Competitor A,100
A01690,Security,Competitor D,93
A01690,Applications,Competitor B,73
A01690,Integration,Competitor D,100
A01691,Infrastructure,Competitor A,99
A01691,Analytics & Data,Competitor C,90
A01691,AI & ML,Competitor D,97
A01691,Applications,Competitor C,77
A01691,Integration,Competitor D,77
A01692,Infrastructure,Competitor D,77
A01692,Database,Competitor C,80
A01692,AI & ML,Competitor A,97
A01692,Security,Competitor A,89
A01692,Integration,Competitor A,67
A01693,Infrastructure,Competitor A,18
A01693,Database,Competitor A,21
A01693,AI & ML,Competitor B,61
A01693,Applications,Competitor D,13
A01694,Infrastructure,Competitor D,100
A01694,Database,Competitor A,72
A01694,Analytics & Data,Competitor C,74
A01694,Applications,Competitor D,80
A01695,Database,Competitor A,91
A01695,Analytics & Data,Competitor A,59
A01695,AI & ML,Competitor C,98
A01695,Applications,Competitor B,35
A01696,Infrastructure,Competitor C,35
A01696,Analytics & Data,Competitor C,90
A01696,Security,Competitor C,55
A01696,Integration,Competitor D,71
A01697,Infrastructure,Competitor D,99
A01697,Database,Competitor C,98
A01697,Security,Competitor D,91
A01697,Applications,Competitor B,84
A01697,Integration,Competitor D,90
A01698,Infrastructure,Competitor B,81
A01698,Database,Competitor C,99
A01698,Analytics & Data,Competitor D,93
A01698,AI & ML,Competitor B,35
A01698,Integration,Competitor C,87
A01699,Infrastructure,Competitor A,44
A01700,Infrastructure,Competitor C,97
A01700,Database,Competitor C,86
A01700,Analytics & Data,Competitor B,30
A01700,AI & ML,Competitor D,65
A01700,Applications,Competitor B,68
A01700,Integration,Competitor D,75
A01701,Infrastructure,Competitor C,92
A01701,AI & ML,Competitor B,98
A01701,Security,Competitor D,87
A01701,Applications,Competitor A,81
A01702,Database,Competitor D,37
A01702,Analytics & Data,Competitor C,70
A01702,Integration,Competitor A,66
A01703,Infrastructure,Competitor D,70
A01703,Database,Competitor A,73
A01703,Analytics & Data,Competitor B,91
A01703,AI & ML,Competitor A,99
A01703,Security,Competitor B,73
A01703,Integration,Competitor D,69
A01704,Database,Competitor C,74
A01704,Analytics & Data,Competitor A,97
A01704,Applications,Competitor A,98
A01704,Integration,Competitor B,98
A01705,Infrastructure,Competitor D,99
A01705,Analytics & Data,Competitor A,81
A01705,AI & ML,Competitor D,97
A01705,Security,Competitor A,100
A01705,Applications,Competitor B,80
A01706,AI & ML,Competitor C,20
A01707,Infrastructure,Competitor A,69
A01707,Database,Competitor D,99
A01707,Analytics & Data,Competitor A,90
A01707,AI & ML,Competitor C,76
A01707,Security,Competitor D,89
A01707,Applications,Competitor C,91
A01707,Integration,Competitor D,99
A01708,Infrastructure,Competitor D,100
A01708,Analytics & Data,Competitor C,99
A01708,AI & ML,Competitor D,79
A01708,Applications,Competitor A,99
A01709,Infrastructure,Competitor C,98
A01709,Database,Competitor A,100
A01709,Analytics & Data,Competitor B,74
A01709,AI & ML,Competitor D,41
A01709,Applications,Competitor A,78
A01709,Integration,Competitor B,100
A01710,Infrastructure,Competitor B,99
A01710,Database,Competitor D,72
A01710,Analytics & Data,Competitor D,98
A01710,AI & ML,Competitor C,98
A01710,Applications,Competitor B,100
A01711,Infrastructure,Competitor B,42
A01711,Database,Competitor D,99
A01711,Analytics & Data,Competitor D,92
A01711,Security,Competitor A,66
A01712,Infrastructure,Competitor A,97
A01712,Database,Competitor A,72
A01712,Analytics & Data,Competitor A,82
A01712,AI & ML,Competitor D,77
A01712,Integration,Competitor A,78
A01713,Database,Competitor A,70
A01713,Analytics & Data,Competitor D,99
A01713,AI & ML,Competitor A,83
A01714,Infrastructure,Competitor C,97
A01714,Database,Competitor A,100
A01714,Analytics & Data,Competitor D,71
A01714,Security,Competitor C,99
A01714,Applications,Competitor B,98
A01715,Database,Competitor D,99
A01715,Security,Competitor C,100
A01715,Applications,Competitor D,86
A01715,Integration,Competitor A,74
A01716,Infrastructure,Competitor B,58
A01716,Analytics & Data,Competitor A,78
A01717,Infrastructure,Competitor C,76
A01717,Database,Competitor D,70
A01717,AI & ML,Competitor A,92
A01717,Applications,Competitor B,97
A01717,Integration,Competitor C,77
A01718,Infrastructure,Competitor A,69
A01718,Database,Competitor A,89
A01718,Analytics & Data,Competitor A,88
A01718,AI & ML,Competitor C,82
A01718,Integration,Competitor D,90
A01719,Infrastructure,Competitor C,69
A01719,Database,Competitor D,99
A01719,AI & ML,Competitor C,74
A01719,Security,Competitor A,83
A01719,Integration,Competitor C,84
A01720,Infrastructure,Competitor B,98
A01720,Database,Competitor A,100
A01720,Analytics & Data,Competitor C,87
A01720,AI & ML,Competitor B,97
A01720,Applications,Competitor D,65
A01721,Infrastructure,Competitor B,74
A01721,Security,Competitor B,98
A01721,Integration,Competitor C,92
A01722,Database,Competitor D,56
A01723,AI & ML,Competitor C,53
A01723,Integration,Competitor A,26
A01724,Integration,Competitor A,98
A01725,Database,Competitor D,92
A01725,Analytics & Data,Competitor B,68
A01725,AI & ML,Competitor B,63
A01725,Security,Competitor A,90
A01726,Database,Competitor B,54
A01726,Analytics & Data,Competitor A,80
A01726,AI & ML,Competitor D,42
A01726,Security,Competitor A,84
A01727,Infrastructure,Competitor B,53
A01727,Applications,Competitor A,84
A01728,Database,Competitor C,68
A01728,Analytics & Data,Competitor B,83
A01728,Security,Competitor C,44
A01728,Applications,Competitor B,48
A01729,Infrastructure,Competitor C,66
A01729,AI & ML,Competitor A,39
A01730,Infrastructure,Competitor C,42
A01730,Database,Competitor D,98
A01730,Integration,Competitor A,92
A01731,Infrastructure,Competitor D,99
A01731,Database,Competitor C,97
A01731,Security,Competitor B,100
A01731,Applications,Competitor C,100
A01731,Integration,Competitor D,99
A01732,Infrastructure,Competitor D,57
A01732,Database,Competitor A,97
A01732,Analytics & Data,Competitor B,99
A01732,AI & ML,Competitor C,74
A01732,Security,Competitor C,99
A01732,Applications,Competitor D,92
A01732,Integration,Competitor A,98
A01733,Infrastructure,Competitor A,70
A01733,Database,Competitor D,97
A01733,Analytics & Data,Competitor A,90
A01733,AI & ML,Competitor B,55
A01733,Applications,Competitor C,78
A01734,AI & ML,Competitor A,38
A01735,Analytics & Data,Competitor D,81
A01735,AI & ML,Competitor A,77
A01735,Security,Competitor B,91
A01736,Infrastructure,Competitor D,48
A01736,Database,Competitor B,41
A01736,Analytics & Data,Competitor C,89
A01736,AI & ML,Competitor B,52
A01736,Security,Competitor C,39
A01736,Integration,Competitor A,38
A01737,Infrastructure,Competitor A,73
A01737,Database,Competitor C,84
A01737,AI & ML,Competitor A,97
A01737,Applications,Competitor C,64
A01737,Integration,Competitor A,85
A01738,Security,Competitor B,35
A01738,Integration,Competitor A,37
A01740,Database,Competitor A,73
A01740,Analytics & Data,Competitor D,87
A01740,Applications,Competitor D,64
A01740,Integration,Competitor A,60
A01741,Analytics & Data,Competitor C,98
A01741,AI & ML,Competitor D,80
A01741,Integration,Competitor C,85
A01742,Database,Competitor D,73
A01742,Analytics & Data,Competitor C,100
A01742,AI & ML,Competitor C,46
A01742,Security,Competitor C,98
A01742,Applications,Competitor D,99
A01742,Integration,Competitor D,97
A01743,Infrastructure,Competitor A,69
A01743,Database,Competitor B,80
A01743,Analytics & Data,Competitor A,38
A01743,Security,Competitor C,81
A01743,Applications,Competitor A,63
A01744,Infrastructure,Competitor D,79
A01744,AI & ML,Competitor D,91
A01744,Security,Competitor D,88
A01744,Integration,Competitor C,100
A01745,Infrastructure,Competitor A,99
A01745,Database,Competitor C,76
A01745,Analytics & Data,Competitor A,98
A01745,AI & ML,Competitor B,71
A01745,Security,Competitor D,71
A01745,Integration,Competitor B,100
A01746,AI & ML,Competitor B,98
A01746,Security,Competitor D,67
A01746,Applications,Competitor B,62
A01746,Integration,Competitor D,69
A01747,Infrastructure,Competitor B,98
A01747,AI & ML,Competitor C,100
A01747,Security,Competitor B,99
A01747,Applications,Competitor B,97
A01747,Integration,Competitor B,97
A01748,Infrastructure,Competitor C,76
A01748,Database,Competitor C,85
A01748,Security,Competitor C,75
A01748,Applications,Competitor D,67
A01749,Analytics & Data,Competitor B,14
A01749,Integration,Competitor D,33
A01750,Infrastructure,Competitor B,50
A01750,Database,Competitor D,80
A01750,Integration,Competitor B,98
A01751,Infrastructure,Competitor A,67
A01751,Database,Competitor D,88
A01751,Analytics & Data,Competitor A,92
A01751,AI & ML,Competitor C,77
A01751,Security,Competitor D,87
A01751,Applications,Competitor D,72
A01751,Integration,Competitor D,38
A01752,Infrastructure,Competitor D,78
A01752,Database,Competitor A,89
A01752,Analytics & Data,Competitor A,68
A01752,AI & ML,Competitor A,100
A01752,Security,Competitor C,81
A01753,Database,Competitor D,97
A01753,Analytics & Data,Competitor B,92
A01753,AI & ML,Competitor B,75
A01753,Security,Competitor A,69
A01753,Integration,Competitor B,100
A01754,Database,Competitor A,62
A01754,Applications,Competitor C,54
A01755,Infrastructure,Competitor C,47
A01755,Database,Competitor B,57
A01755,Analytics & Data,Competitor D,75
A01755,Security,Competitor A,73
A01756,Infrastructure,Competitor D,52
A01756,Analytics & Data,Competitor A,25
A01756,AI & ML,Competitor B,43
A01756,Security,Competitor B,58
A01756,Integration,Competitor B,43
A01757,Database,Competitor D,100
A01757,AI & ML,Competitor C,48
A01757,Integration,Competitor B,45
A01758,Database,Competitor B,87
A01758,Analytics & Data,Competitor D,43
A01758,AI & ML,Competitor B,93
A01758,Security,Competitor B,85
A01758,Applications,Competitor A,100
A01759,Database,Competitor C,79
A01759,Analytics & Data,Competitor A,35
A01759,Applications,Competitor A,87
A01759,Integration,Competitor B,70
A01760,Infrastructure,Competitor B,90
A01760,Analytics & Data,Competitor B,62
A01760,AI & ML,Competitor D,62
A01760,Applications,Competitor C,38
A01760,Integration,Competitor A,83
A01761,Infrastructure,Competitor A,77
A01761,Database,Competitor D,58
A01761,Analytics & Data,Competitor A,98
A01761,AI & ML,Competitor D,85
A01762,Infrastructure,Competitor D,54
A01762,Analytics & Data,Competitor B,99
A01762,AI & ML,Competitor B,64
A01762,Applications,Competitor A,73
A01762,Integration,Competitor A,78
A01763,Analytics & Data,Competitor A,38
A01763,AI & ML,Competitor C,99
A01763,Security,Competitor B,69
A01763,Applications,Competitor C,97
A01763,Integration,Competitor D,89
A01764,Infrastructure,Competitor B,93
A01764,Analytics & Data,Competitor B,43
A01764,AI & ML,Competitor A,77
A01764,Security,Competitor D,78
A01764,Integration,Competitor B,82
A01765,Infrastructure,Competitor D,53
A01765,Analytics & Data,Competitor A,57
A01765,AI & ML,Competitor B,67
A01765,Applications,Competitor B,47
A01766,Applications,Competitor B,60
A01767,Infrastructure,Competitor A,97
A01767,Database,Competitor D,82
A01767,AI & ML,Competitor A,84
A01767,Security,Competitor C,99
A01767,Integration,Competitor D,90
A01768,Infrastructure,Competitor D,68
A01768,Database,Competitor C,75
A01768,Applications,Competitor D,76
A01768,Integration,Competitor A,93
A01769,Infrastructure,Competitor C,22
A01769,Applications,Competitor A,18
A01770,Database,Competitor D,98
A01770,Analytics & Data,Competitor A,73
A01770,AI & ML,Competitor D,69
A01770,Security,Competitor B,69
A01770,Integration,Competitor C,65
A01771,Infrastructure,Competitor A,81
A01771,Database,Competitor D,78
A01771,Analytics & Data,Competitor A,99
A01771,AI & ML,Competitor A,74
A01771,Security,Competitor D,90
A01771,Integration,Competitor D,98
A01772,Infrastructure,Competitor D,54
A01772,Analytics & Data,Competitor A,63
A01772,Security,Competitor D,99
A01772,Integration,Competitor A,99
A01773,Infrastructure,Competitor B,100
A01773,Database,Competitor C,99
A01773,Analytics & Data,Competitor A,97
A01773,Security,Competitor B,48
A01773,Applications,Competitor A,69
A01773,Integration,Competitor C,72
A01774,Database,Competitor C,93
A01774,Analytics & Data,Competitor A,40
A01774,AI & ML,Competitor D,75
A01774,Security,Competitor D,71
A01774,Applications,Competitor C,81
A01775,Infrastructure,Competitor C,100
A01775,AI & ML,Competitor A,88
A01775,Security,Competitor B,99
A01776,Database,Competitor D,91
A01776,Analytics & Data,Competitor C,71
A01776,AI & ML,Competitor B,69
A01776,Security,Competitor B,100
A01776,Applications,Competitor B,76
A01776,Integration,Competitor B,21
A01777,Database,Competitor B,83
A01777,Analytics & Data,Competitor C,73
A01777,Security,Competitor D,98
A01777,Applications,Competitor C,99
A01777,Integration,Competitor D,76
A01778,Infrastructure,Competitor D,82
A01779,Infrastructure,Competitor C,93
A01779,Database,Competitor A,82
A01779,AI & ML,Competitor B,82
A01779,Security,Competitor C,99
A01779,Applications,Competitor C,98
A01779,Integration,Competitor C,100
A01780,Infrastructure,Competitor C,68
A01780,Database,Competitor B,88
A01780,Security,Competitor A,39
A01780,Integration,Competitor D,40
A01781,Database,Competitor A,99
A01781,Analytics & Data,Competitor C,97
A01781,AI & ML,Competitor C,68
A01781,Security,Competitor C,98
A01781,Applications,Competitor C,97
A01781,Integration,Competitor A,98
A01782,AI & ML,Competitor C,63
A01783,Infrastructure,Competitor C,83
A01783,Database,Competitor C,91
A01783,Analytics & Data,Competitor D,99
A01783,AI & ML,Competitor B,99
A01783,Integration,Competitor D,100
A01784,Infrastructure,Competitor C,90
A01784,Database,Competitor C,98
A01784,Analytics & Data,Competitor C,100
A01784,AI & ML,Competitor B,86
A01784,Applications,Competitor A,81
A01784,Integration,Competitor B,99
A01785,Infrastructure,Competitor A,28
A01785,Analytics & Data,Competitor C,97
A01785,AI & ML,Competitor D,100
A01785,Security,Competitor A,85
A01785,Applications,Competitor C,43
A01785,Integration,Competitor A,70
A01786,Database,Competitor D,45
A01786,Analytics & Data,Competitor B,64
A01786,Security,Competitor D,65
A01786,Applications,Competitor C,75
A01787,Database,Competitor D,87
A01787,Analytics & Data,Competitor A,92
A01787,Security,Competitor D,54
A01787,Applications,Competitor A,60
A01787,Integration,Competitor B,91
A01788,Infrastructure,Competitor C,85
A01788,Database,Competitor C,99
A01788,Analytics & Data,Competitor A,87
A01788,AI & ML,Competitor A,80
A01788,Security,Competitor A,73
A01788,Applications,Competitor C,74
A01788,Integration,Competitor D,76
A01789,AI & ML,Competitor B,14
A01789,Applications,Competitor A,59
A01790,Infrastructure,Competitor A,86
A01790,Security,Competitor D,47
A01790,Integration,Competitor D,44
A01791,Infrastructure,Competitor A,41
A01791,Security,Competitor C,75
A01791,Applications,Competitor C,84
A01791,Integration,Competitor A,99
A01792,Analytics & Data,Competitor C,65
A01792,AI & ML,Competitor C,97
A01792,Security,Competitor D,100
A01792,Integration,Competitor B,63
A01793,Analytics & Data,Competitor B,57
A01793,AI & ML,Competitor A,70
A01793,Security,Competitor D,64
A01793,Integration,Competitor A,43
A01794,Infrastructure,Competitor A,88
A01794,Database,Competitor A,44
A01794,AI & ML,Competitor A,80
A01794,Security,Competitor D,45
A01794,Integration,Competitor C,76
A01795,Infrastructure,Competitor B,36
A01795,Analytics & Data,Competitor D,36
A01796,Database,Competitor A,91
A01796,Analytics & Data,Competitor B,77
A01796,AI & ML,Competitor C,38
A01796,Security,Competitor A,91
A01796,Integration,Competitor B,91
A01797,Infrastructure,Competitor C,73
A01797,Database,Competitor C,63
A01797,Analytics & Data,Competitor A,86
A01797,AI & ML,Competitor B,81
A01797,Security,Competitor C,75
A01797,Applications,Competitor C,99
A01797,Integration,Competitor B,97
A01798,AI & ML,Competitor A,92
A01798,Security,Competitor B,53
A01798,Integration,Competitor C,90
A01799,Infrastructure,Competitor D,98
A01799,Database,Competitor A,64
A01799,AI & ML,Competitor A,85
A01799,Security,Competitor B,86
A01799,Integration,Competitor C,71
A01800,Infrastructure,Competitor A,31
A01800,Security,Competitor D,36
A01800,Applications,Competitor C,42
A01801,Security,Competitor B,73
A01801,Applications,Competitor C,89
A01802,Infrastructure,Competitor B,73
A01802,Database,Competitor D,52
A01802,Analytics & Data,Competitor C,100
A01802,Security,Competitor B,99
A01802,Applications,Competitor D,77
A01803,Database,Competitor D,76
A01803,AI & ML,Competitor B,86
A01803,Integration,Competitor C,81
A01804,Security,Competitor B,61
A01804,Applications,Competitor A,40
A01805,Infrastructure,Competitor A,24
A01805,Database,Competitor A,78
A01805,Security,Competitor B,38
A01805,Integration,Competitor A,88
A01806,Infrastructure,Competitor A,73
A01806,Database,Competitor A,80
A01806,Security,Competitor B,78
A01806,Integration,Competitor C,71
A01807,Infrastructure,Competitor D,45
A01808,Infrastructure,Competitor D,97
A01808,Analytics & Data,Competitor C,99
A01808,Integration,Competitor B,51
A01809,Analytics & Data,Competitor A,93
A01809,AI & ML,Competitor B,90
A01809,Applications,Competitor A,68
A01810,Infrastructure,Competitor C,82
A01810,Database,Competitor B,74
A01810,Analytics & Data,Competitor C,58
A01810,Security,Competitor D,85
A01810,Integration,Competitor D,98
A01811,Infrastructure,Competitor A,99
A01811,Database,Competitor A,11
A01811,Analytics & Data,Competitor B,92
A01811,AI & ML,Competitor A,81
A01811,Security,Competitor C,88
A01811,Integration,Competitor B,68
A01812,Database,Competitor C,74
A01812,Analytics & Data,Competitor B,21
A01812,Security,Competitor D,98
A01812,Integration,Competitor A,35
A01813,Database,Competitor A,64
A01813,AI & ML,Competitor A,80
A01813,Security,Competitor C,99
A01813,Applications,Competitor D,97
A01814,Infrastructure,Competitor A,97
A01814,Database,Competitor D,47
A01814,Analytics & Data,Competitor D,84
A01814,Applications,Competitor A,88
A01814,Integration,Competitor D,76
A01815,Infrastructure,Competitor C,100
A01815,Analytics & Data,Competitor A,98
A01815,AI & ML,Competitor C,98
A01815,Security,Competitor A,99
A01815,Applications,Competitor A,97
A01815,Integration,Competitor B,73
A01816,AI & ML,Competitor A,91
A01816,Security,Competitor B,75
A01816,Integration,Competitor C,67
A01817,Infrastructure,Competitor C,79
A01817,Database,Competitor D,98
A01817,Analytics & Data,Competitor C,81
A01817,AI & ML,Competitor C,99
A01817,Security,Competitor C,81
A01817,Applications,Competitor A,97
A01817,Integration,Competitor A,85
A01818,AI & ML,Competitor B,14
A01819,Analytics & Data,Competitor A,82
A01819,Security,Competitor B,81
A01820,Infrastructure,Competitor A,47
A01821,AI & ML,Competitor D,81
A01821,Security,Competitor C,99
A01821,Applications,Competitor A,97
A01821,Integration,Competitor C,52
A01822,Analytics & Data,Competitor D,65
A01822,AI & ML,Competitor C,72
A01822,Applications,Competitor D,49
A01822,Integration,Competitor D,60
A01823,Infrastructure,Competitor C,99
A01823,Database,Competitor D,80
A01823,Analytics & Data,Competitor B,76
A01823,Security,Competitor B,86
A01824,Infrastructure,Competitor C,91
A01824,Database,Competitor B,41
A01824,Analytics & Data,Competitor D,100
A01824,AI & ML,Competitor D,76
A01824,Applications,Competitor C,81
A01824,Integration,Competitor A,88
A01825,Infrastructure,Competitor B,83
A01825,Database,Competitor B,82
A01825,Analytics & Data,Competitor D,90
A01825,Security,Competitor B,85
A01825,Applications,Competitor C,79
A01825,Integration,Competitor A,67
A01826,Analytics & Data,Competitor A,68
A01826,AI & ML,Competitor B,70
A01826,Integration,Competitor A,75
A01827,Analytics & Data,Competitor B,36
A01827,AI & ML,Competitor A,70
A01827,Applications,Competitor D,86
A01828,Analytics & Data,Competitor C,89
A01828,Security,Competitor C,62
A01828,Applications,Competitor D,66
A01828,Integration,Competitor D,38
A01829,Database,Competitor B,88
A01829,Analytics & Data,Competitor C,70
A01829,AI & ML,Competitor D,92
A01829,Applications,Competitor B,75
A01829,Integration,Competitor C,53
A01830,Database,Competitor C,93
A01830,Analytics & Data,Competitor A,43
A01830,Security,Competitor C,70
A01831,Infrastructure,Competitor A,82
A01831,Analytics & Data,Competitor C,81
A01831,AI & ML,Competitor D,75
A01831,Security,Competitor A,92
A01832,Database,Competitor B,57
A01832,Analytics & Data,Competitor C,68
A01832,Applications,Competitor D,43
A01832,Integration,Competitor D,54
A01834,Database,Competitor D,75
A01834,AI & ML,Competitor C,97
A01836,Database,Competitor D,74
A01836,AI & ML,Competitor B,57
A01836,Security,Competitor C,92
A01836,Integration,Competitor C,59
A01837,Infrastructure,Competitor C,80
A01837,AI & ML,Competitor B,93
A01837,Security,Competitor C,86
A01837,Integration,Competitor B,99
A01839,Database,Competitor C,19
A01839,AI & ML,Competitor A,49
A01840,Infrastructure,Competitor D,80
A01840,Database,Competitor C,56
A01840,Analytics & Data,Competitor D,71
A01840,AI & ML,Competitor B,91
A01840,Security,Competitor A,93
A01840,Applications,Competitor D,92
A01841,Database,Competitor D,69
A01841,AI & ML,Competitor C,37
A01841,Security,Competitor C,89
A01841,Applications,Competitor A,98
A01841,Integration,Competitor A,38
A01842,Database,Competitor B,82
A01842,Analytics & Data,Competitor C,27
A01842,AI & ML,Competitor B,74
A01842,Security,Competitor D,88
A01842,Integration,Competitor D,79
A01843,Infrastructure,Competitor D,98
A01843,Database,Competitor D,43
A01843,Analytics & Data,Competitor C,44
A01843,AI & ML,Competitor A,98
A01843,Security,Competitor C,53
A01843,Applications,Competitor A,36
A01843,Integration,Competitor A,44
A01844,Infrastructure,Competitor C,68
A01844,Applications,Competitor B,46
A01845,Infrastructure,Competitor B,100
A01845,Database,Competitor B,40
A01845,AI & ML,Competitor B,73
A01845,Integration,Competitor B,86
A01846,Analytics & Data,Competitor A,44
A01846,Integration,Competitor C,71
A01847,Infrastructure,Competitor A,73
A01847,Database,Competitor B,98
A01847,Analytics & Data,Competitor A,80
A01847,AI & ML,Competitor A,98
A01847,Security,Competitor A,99
A01847,Applications,Competitor C,100
A01847,Integration,Competitor A,100
A01848,Infrastructure,Competitor A,69
A01848,Analytics & Data,Competitor D,97
A01848,Security,Competitor A,69
A01848,Integration,Competitor B,82
A01849,Infrastructure,Competitor C,41
A01849,Applications,Competitor C,70
A01850,Database,Competitor D,88
A01850,Analytics & Data,Competitor D,99
A01850,Security,Competitor C,76
A01851,Database,Competitor B,90
A01852,Infrastructure,Competitor D,58
A01852,Database,Competitor C,36
A01852,Applications,Competitor D,57
A01852,Integration,Competitor B,68
A01853,Database,Competitor C,100
A01853,Analytics & Data,Competitor A,100
A01853,AI & ML,Competitor D,97
A01853,Security,Competitor C,100
A01853,Applications,Competitor D,72
A01854,Infrastructure,Competitor D,30
A01854,Analytics & Data,Competitor B,89
A01854,AI & ML,Competitor C,97
A01854,Applications,Competitor D,74
A01855,Infrastructure,Competitor B,28
A01855,Database,Competitor D,90
A01855,Analytics & Data,Competitor B,69
A01855,AI & ML,Competitor A,97
A01855,Security,Competitor D,89
A01855,Applications,Competitor D,97
A01855,Integration,Competitor B,72
A01856,Database,Competitor A,97
A01856,Analytics & Data,Competitor A,53
A01856,AI & ML,Competitor C,82
A01856,Security,Competitor C,98
A01856,Applications,Competitor D,100
A01857,Infrastructure,Competitor D,93
A01857,Database,Competitor C,92
A01857,Analytics & Data,Competitor C,90
A01857,Applications,Competitor B,90
A01857,Integration,Competitor A,74
A01858,Infrastructure,Competitor B,98
A01858,Analytics & Data,Competitor C,98
A01858,Applications,Competitor A,97
A01858,Integration,Competitor A,99
A01859,Analytics & Data,Competitor C,12
A01859,AI & ML,Competitor C,87
A01859,Integration,Competitor B,43
A01860,Infrastructure,Competitor B,59
A01860,Database,Competitor D,100
A01860,AI & ML,Competitor C,99
A01860,Applications,Competitor D,99
A01860,Integration,Competitor A,100
A01861,Infrastructure,Competitor C,100
A01861,Analytics & Data,Competitor D,69
A01861,AI & ML,Competitor C,74
A01861,Security,Competitor C,98
A01863,Infrastructure,Competitor D,65
A01863,Analytics & Data,Competitor D,59
A01863,AI & ML,Competitor C,74
A01864,Infrastructure,Competitor C,23
A01864,Analytics & Data,Competitor A,66
A01864,Security,Competitor A,87
A01865,Infrastructure,Competitor A,90
A01865,Database,Competitor B,97
A01865,Analytics & Data,Competitor B,78
A01865,AI & ML,Competitor B,99
A01865,Security,Competitor D,99
A01865,Applications,Competitor C,99
A01866,Security,Competitor A,18
A01867,Infrastructure,Competitor A,100
A01867,Database,Competitor B,98
A01867,Analytics & Data,Competitor C,77
A01867,AI & ML,Competitor B,80
A01867,Security,Competitor C,100
A01867,Applications,Competitor B,97
A01868,Infrastructure,Competitor B,58
A01868,Security,Competitor B,60
A01869,Infrastructure,Competitor C,84
A01869,Security,Competitor A,58
A01869,Applications,Competitor D,43
A01870,Infrastructure,Competitor C,97
A01870,Database,Competitor A,81
A01870,Analytics & Data,Competitor D,86
A01870,AI & ML,Competitor C,82
A01870,Applications,Competitor D,97
A01870,Integration,Competitor D,98
A01871,Infrastructure,Competitor A,83
A01871,Database,Competitor A,56
A01871,Analytics & Data,Competitor C,81
A01871,AI & ML,Competitor A,73
A01871,Security,Competitor C,99
A01871,Integration,Competitor B,79
A01872,Infrastructure,Competitor D,52
A01872,Security,Competitor D,11
A01873,Infrastructure,Competitor B,97
A01873,Database,Competitor C,74
A01873,Analytics & Data,Competitor C,97
A01873,AI & ML,Competitor C,100
A01873,Applications,Competitor C,93
A01873,Integration,Competitor C,90
A01874,Infrastructure,Competitor A,100
A01874,Database,Competitor A,64
A01874,Analytics & Data,Competitor A,76
A01874,AI & ML,Competitor B,77
A01874,Security,Competitor D,100
A01874,Applications,Competitor D,98
A01874,Integration,Competitor D,100
A01875,Infrastructure,Competitor A,99
A01875,Database,Competitor D,70
A01875,Analytics & Data,Competitor A,69
A01875,AI & ML,Competitor C,98
A01875,Security,Competitor B,84
A01875,Applications,Competitor D,91
A01875,Integration,Competitor B,74
A01876,Infrastructure,Competitor B,65
A01876,Database,Competitor A,42
A01876,Analytics & Data,Competitor C,97
A01876,AI & ML,Competitor A,91
A01876,Security,Competitor B,79
A01876,Applications,Competitor A,85
A01876,Integration,Competitor A,98
A01877,Infrastructure,Competitor D,91
A01877,Analytics & Data,Competitor C,99
A01877,AI & ML,Competitor D,79
A01877,Security,Competitor C,87
A01877,Applications,Competitor C,99
A01877,Integration,Competitor D,89
A01878,Database,Competitor D,93
A01878,Analytics & Data,Competitor C,98
A01878,Security,Competitor C,77
A01878,Applications,Competitor B,97
A01878,Integration,Competitor C,92
A01879,Infrastructure,Competitor B,86
A01879,Database,Competitor B,73
A01879,Analytics & Data,Competitor D,99
A01879,Applications,Competitor D,54
A01879,Integration,Competitor C,83
A01880,Infrastructure,Competitor A,43
A01880,Analytics & Data,Competitor B,37
A01880,AI & ML,Competitor B,93
A01880,Applications,Competitor B,75
A01880,Integration,Competitor C,98
A01881,Infrastructure,Competitor C,39
A01881,Applications,Competitor C,81
A01883,Infrastructure,Competitor A,97
A01883,Database,Competitor C,98
A01883,Analytics & Data,Competitor A,88
A01883,AI & ML,Competitor D,97
A01883,Security,Competitor B,98
A01883,Applications,Competitor C,98
A01884,Analytics & Data,Competitor C,15
A01885,Infrastructure,Competitor C,65
A01886,Infrastructure,Competitor A,40
A01886,Analytics & Data,Competitor B,14
A01887,Infrastructure,Competitor D,69
A01887,Database,Competitor B,55
A01887,Analytics & Data,Competitor C,76
A01887,AI & ML,Competitor A,98
A01887,Security,Competitor A,69
A01887,Applications,Competitor C,71
A01887,Integration,Competitor A,58
A01888,Infrastructure,Competitor A,59
A01888,Database,Competitor C,37
A01888,Analytics & Data,Competitor A,51
A01888,AI & ML,Competitor C,76
A01888,Applications,Competitor A,81
A01889,Infrastructure,Competitor A,83
A01889,Database,Competitor D,90
A01889,Analytics & Data,Competitor A,98
A01889,AI & ML,Competitor D,88
A01889,Security,Competitor A,91
A01889,Applications,Competitor B,98
A01889,Integration,Competitor A,82
A01890,Infrastructure,Competitor A,76
A01890,AI & ML,Competitor A,80
A01890,Integration,Competitor A,79
A01891,Infrastructure,Competitor B,100
A01891,Database,Competitor B,79
A01891,Analytics & Data,Competitor D,75
A01891,AI & ML,Competitor D,76
A01891,Applications,Competitor C,100
A01892,Database,Competitor B,37
A01892,Security,Competitor C,74
A01892,Applications,Competitor A,93
A01892,Integration,Competitor A,47
A01893,Infrastructure,Competitor C,38
A01893,Database,Competitor D,27
A01894,Database,Competitor D,24
A01894,Analytics & Data,Competitor B,100
A01894,Applications,Competitor A,78
A01895,Infrastructure,Competitor C,41
A01895,AI & ML,Competitor C,38
A01895,Security,Competitor C,37
A01896,Infrastructure,Competitor B,77
A01896,Analytics & Data,Competitor C,99
A01896,AI & ML,Competitor B,90
A01896,Applications,Competitor B,80
A01896,Integration,Competitor A,93
A01897,Analytics & Data,Competitor C,33
A01897,Security,Competitor C,63
A01897,Applications,Competitor C,37
A01898,Analytics & Data,Competitor B,38
A01898,Security,Competitor C,20
A01899,Database,Competitor D,75
A01899,AI & ML,Competitor D,98
A01899,Applications,Competitor C,80
A01900,Infrastructure,Competitor B,38
A01900,Database,Competitor A,98
A01900,Analytics & Data,Competitor C,100
A01900,AI & ML,Competitor A,77
A01900,Security,Competitor D,99
A01900,Integration,Competitor B,100
A01901,Infrastructure,Competitor D,46
A01901,Database,Competitor C,23
A01902,Database,Competitor B,47
A01902,Analytics & Data,Competitor A,76
A01902,Integration,Competitor D,89
A01903,Infrastructure,Competitor A,99
A01903,Database,Competitor B,92
A01903,AI & ML,Competitor D,77
A01903,Security,Competitor B,97
A01903,Integration,Competitor A,81
A01904,AI & ML,Competitor D,65
A01904,Applications,Competitor A,85
A01905,Infrastructure,Competitor D,55
A01905,Analytics & Data,Competitor C,37
A01905,Security,Competitor A,35
A01906,Applications,Competitor C,73
A01907,Infrastructure,Competitor B,85
A01907,Database,Competitor B,86
A01907,Analytics & Data,Competitor C,97
A01907,AI & ML,Competitor D,79
A01907,Security,Competitor B,70
A01907,Applications,Competitor B,35
A01907,Integration,Competitor B,54
A01908,Security,Competitor D,36
A01909,Infrastructure,Competitor D,84
A01909,Analytics & Data,Competitor C,90
A01909,Security,Competitor B,81
A01909,Applications,Competitor B,37
A01909,Integration,Competitor A,86
A01910,Infrastructure,Competitor B,99
A01910,Analytics & Data,Competitor D,69
A01910,AI & ML,Competitor C,100
A01910,Security,Competitor B,99
A01910,Applications,Competitor A,100
A01910,Integration,Competitor A,86
A01911,Infrastructure,Competitor A,92
A01911,Database,Competitor B,47
A01912,Infrastructure,Competitor B,90
A01912,AI & ML,Competitor C,98
A01912,Security,Competitor D,78
A01912,Applications,Competitor D,97
A01913,Infrastructure,Competitor A,99
A01913,Database,Competitor B,39
A01913,Analytics & Data,Competitor B,87
A01913,AI & ML,Competitor D,93
A01913,Applications,Competitor B,81
A01913,Integration,Competitor B,77
A01914,Infrastructure,Competitor B,49
A01914,Database,Competitor C,99
A01914,Analytics & Data,Competitor C,90
A01914,Security,Competitor D,52
A01914,Applications,Competitor B,65
A01914,Integration,Competitor C,65
A01915,Infrastructure,Competitor C,66
A01916,Infrastructure,Competitor C,97
A01916,Database,Competitor D,71
A01916,Analytics & Data,Competitor D,99
A01916,AI & ML,Competitor C,99
A01916,Security,Competitor A,100
A01916,Applications,Competitor B,98
A01916,Integration,Competitor D,75
A01917,Applications,Competitor A,18
A01918,Infrastructure,Competitor D,76
A01918,Analytics & Data,Competitor B,72
A01918,AI & ML,Competitor A,69
A01918,Security,Competitor D,77
A01918,Applications,Competitor B,84
A01919,Database,Competitor B,68
A01919,Analytics & Data,Competitor D,73
A01919,AI & ML,Competitor D,69
A01919,Security,Competitor B,78
A01919,Applications,Competitor D,73
A01919,Integration,Competitor D,51
A01921,AI & ML,Competitor A,54
A01921,Security,Competitor B,97
A01921,Integration,Competitor A,92
A01922,Infrastructure,Competitor C,99
A01922,Database,Competitor A,76
A01922,AI & ML,Competitor D,100
A01922,Security,Competitor C,98
A01922,Applications,Competitor C,100
A01922,Integration,Competitor A,97
A01923,Infrastructure,Competitor D,16
A01923,Database,Competitor B,69
A01923,Analytics & Data,Competitor D,76
A01923,AI & ML,Competitor D,85
A01923,Security,Competitor D,99
A01923,Applications,Competitor C,72
A01923,Integration,Competitor D,99
A01924,Database,Competitor C,49
A01924,AI & ML,Competitor D,40
A01924,Applications,Competitor B,77
A01924,Integration,Competitor C,68
A01925,Infrastructure,Competitor A,72
A01925,Database,Competitor B,100
A01925,Analytics & Data,Competitor A,75
A01925,AI & ML,Competitor D,68
A01925,Applications,Competitor B,70
A01926,Infrastructure,Competitor D,78
A01926,Database,Competitor A,76
A01926,Analytics & Data,Competitor A,70
A01926,AI & ML,Competitor B,85
A01926,Security,Competitor A,79
A01926,Applications,Competitor D,98
A01926,Integration,Competitor A,54
A01927,Analytics & Data,Competitor B,47
A01928,Analytics & Data,Competitor A,51
A01928,AI & ML,Competitor B,73
A01928,Security,Competitor C,36
A01928,Integration,Competitor C,54
A01929,Database,Competitor D,74
A01929,Analytics & Data,Competitor D,99
A01929,AI & ML,Competitor A,85
A01929,Security,Competitor B,100
A01929,Applications,Competitor D,91
A01929,Integration,Competitor A,71
A01930,Infrastructure,Competitor A,85
A01930,Analytics & Data,Competitor D,83
A01930,AI & ML,Competitor D,99
A01930,Security,Competitor B,69
A01930,Integration,Competitor C,82
A01931,Infrastructure,Competitor C,92
A01931,Integration,Competitor C,83
A01932,Infrastructure,Competitor B,100
A01932,Database,Competitor C,69
A01932,Analytics & Data,Competitor D,75
A01932,AI & ML,Competitor B,97
A01932,Security,Competitor D,98
A01932,Applications,Competitor B,100
A01932,Integration,Competitor A,52
A01933,Infrastructure,Competitor A,87
A01933,Database,Competitor A,97
A01933,Security,Competitor A,97
A01933,Applications,Competitor A,68
A01933,Integration,Competitor C,100
A01934,Infrastructure,Competitor D,77
A01934,Database,Competitor C,46
A01934,AI & ML,Competitor C,87
A01935,Infrastructure,Competitor A,75
A01935,Applications,Competitor A,58
A01935,Integration,Competitor D,99
A01936,Database,Competitor B,77
A01936,Analytics & Data,Competitor C,39
A01936,AI & ML,Competitor D,85
A01936,Security,Competitor B,41
A01936,Integration,Competitor C,66
A01937,Infrastructure,Competitor C,39
A01937,Database,Competitor A,73
A01937,Analytics & Data,Competitor C,83
A01937,AI & ML,Competitor C,76
A01937,Applications,Competitor A,81
A01937,Integration,Competitor A,98
A01938,Infrastructure,Competitor A,64
A01938,Database,Competitor B,52
A01938,Security,Competitor D,35
A01938,Applications,Competitor D,51
A01939,Infrastructure,Competitor D,76
A01939,Analytics & Data,Competitor A,45
A01939,Security,Competitor B,46
A01939,Applications,Competitor B,99
A01940,Applications,Competitor C,85
A01941,Infrastructure,Competitor B,99
A01941,Database,Competitor C,97
A01941,Analytics & Data,Competitor A,100
A01941,AI & ML,Competitor B,99
A01941,Security,Competitor B,71
A01941,Applications,Competitor B,78
A01941,Integration,Competitor A,97
A01942,Infrastructure,Competitor C,75
A01942,Analytics & Data,Competitor D,93
A01942,AI & ML,Competitor D,36
A01942,Applications,Competitor A,68
A01942,Integration,Competitor C,71
A01944,AI & ML,Competitor D,64
A01944,Integration,Competitor C,28
A01945,Security,Competitor C,34
A01945,Integration,Competitor D,89
A01946,Infrastructure,Competitor A,67
A01946,Security,Competitor A,93
A01946,Integration,Competitor C,97
A01947,Infrastructure,Competitor B,89
A01947,Database,Competitor A,59
A01947,Security,Competitor D,88
A01947,Integration,Competitor B,73
A01948,Infrastructure,Competitor D,44
A01948,Database,Competitor B,35
A01948,Analytics & Data,Competitor C,38
A01949,Infrastructure,Competitor A,80
A01949,Database,Competitor D,99
A01949,Analytics & Data,Competitor B,70
A01949,AI & ML,Competitor C,58
A01949,Applications,Competitor D,98
A01950,Analytics & Data,Competitor B,12
A01950,AI & ML,Competitor D,18
A01950,Integration,Competitor B,92
A01951,Infrastructure,Competitor D,49
A01951,Database,Competitor D,86
A01951,AI & ML,Competitor D,71
A01951,Security,Competitor A,86
A01951,Applications,Competitor A,85
A01951,Integration,Competitor A,97
A01952,Database,Competitor A,93
A01952,Analytics & Data,Competitor B,92
A01952,Security,Competitor C,92
A01952,Applications,Competitor D,83
A01952,Integration,Competitor D,81
A01953,Database,Competitor C,53
A01954,AI & ML,Competitor C,38
A01954,Applications,Competitor B,90
A01956,Database,Competitor C,43
A01956,Integration,Competitor C,38
A01957,Infrastructure,Competitor C,39
A01957,AI & ML,Competitor B,78
A01957,Security,Competitor D,82
A01957,Applications,Competitor C,47
A01957,Integration,Competitor B,46
A01958,Infrastructure,Competitor C,54
A01958,Database,Competitor C,74
A01958,Analytics & Data,Competitor A,79
A01958,AI & ML,Competitor D,73
A01958,Security,Competitor B,47
A01959,Infrastructure,Competitor A,68
A01959,Database,Competitor C,49
A01959,Security,Competitor C,88
A01959,Applications,Competitor D,81
A01959,Integration,Competitor D,64
A01960,Infrastructure,Competitor C,89
A01960,Database,Competitor C,81
A01960,Analytics & Data,Competitor C,100
A01960,AI & ML,Competitor B,61
A01960,Applications,Competitor A,41
A01960,Integration,Competitor C,83
A01961,Infrastructure,Competitor A,98
A01961,Database,Competitor D,99
A01961,Analytics & Data,Competitor B,71
A01961,AI & ML,Competitor D,72
A01961,Security,Competitor C,93
A01961,Applications,Competitor B,74
A01961,Integration,Competitor A,98
A01962,AI & ML,Competitor B,59
A01962,Security,Competitor D,48
A01963,AI & ML,Competitor B,54
A01963,Security,Competitor B,43
A01963,Integration,Competitor C,89
A01964,Analytics & Data,Competitor D,51
A01965,Infrastructure,Competitor A,99
A01965,Database,Competitor D,100
A01965,AI & ML,Competitor C,81
A01965,Integration,Competitor C,84
A01966,Applications,Competitor B,67
A01967,Infrastructure,Competitor D,47
A01967,Analytics & Data,Competitor C,84
A01967,Integration,Competitor D,67
A01968,Analytics & Data,Competitor C,68
A01968,Integration,Competitor A,38
A01969,AI & ML,Competitor A,55
A01969,Security,Competitor D,93
A01969,Applications,Competitor C,55
A01970,AI & ML,Competitor D,66
A01970,Integration,Competitor D,36
A01971,Analytics & Data,Competitor B,18
A01971,Security,Competitor B,37
A01972,Infrastructure,Competitor A,88
A01972,Integration,Competitor B,45
A01973,Integration,Competitor C,28
A01974,Database,Competitor B,47
A01974,AI & ML,Competitor A,37
A01975,Infrastructure,Competitor B,79
A01975,Database,Competitor A,77
A01975,Security,Competitor C,91
A01975,Applications,Competitor A,80
A01975,Integration,Competitor A,89
A01976,Infrastructure,Competitor C,99
A01976,Database,Competitor A,100
A01976,AI & ML,Competitor C,99
A01976,Applications,Competitor C,97
A01976,Integration,Competitor D,99
A01977,Infrastructure,Competitor C,77
A01977,Analytics & Data,Competitor A,74
A01977,AI & ML,Competitor D,80
A01977,Applications,Competitor A,100
A01977,Integration,Competitor C,57
A01978,Database,Competitor B,89
A01978,Analytics & Data,Competitor B,100
A01978,AI & ML,Competitor C,76
A01978,Security,Competitor D,100
A01978,Applications,Competitor B,98
A01978,Integration,Competitor B,97
A01979,Infrastructure,Competitor C,100
A01979,Database,Competitor A,98
A01979,Analytics & Data,Competitor B,99
A01979,Security,Competitor A,100
A01979,Applications,Competitor A,97
A01979,Integration,Competitor A,97
A01980,Infrastructure,Competitor B,91
A01980,Database,Competitor C,72
A01980,AI & ML,Competitor D,82
A01980,Security,Competitor C,72
A01980,Applications,Competitor C,82
A01980,Integration,Competitor D,71
A01981,Infrastructure,Competitor C,77
A01981,Database,Competitor A,39
A01981,Analytics & Data,Competitor B,93
A01981,AI & ML,Competitor B,100
A01981,Applications,Competitor A,74
A01982,Analytics & Data,Competitor D,45
A01982,Integration,Competitor D,36
A01983,Integration,Competitor C,67
A01984,Applications,Competitor A,36
A01984,Integration,Competitor B,57
A01985,Database,Competitor B,56
A01985,Security,Competitor A,63
A01985,Applications,Competitor A,17
A01986,Database,Competitor C,17
A01986,AI & ML,Competitor C,28
A01986,Security,Competitor A,99
A01986,Applications,Competitor C,98
A01986,Integration,Competitor C,100
A01987,Analytics & Data,Competitor D,60
A01987,Security,Competitor A,55
A01988,Infrastructure,Competitor B,99
A01988,Analytics & Data,Competitor D,99
A01988,AI & ML,Competitor D,98
A01988,Security,Competitor D,97
A01988,Applications,Competitor C,100
A01988,Integration,Competitor A,99
A01989,Database,Competitor B,67
A01989,Applications,Competitor A,31
A01989,Integration,Competitor C,85
A01990,Database,Competitor B,80
A01990,AI & ML,Competitor B,82
A01990,Applications,Competitor C,64
A01990,Integration,Competitor D,83
A01991,Infrastructure,Competitor D,98
A01991,Database,Competitor A,99
A01991,AI & ML,Competitor B,90
A01991,Applications,Competitor B,99
A01992,Infrastructure,Competitor B,29
A01992,Analytics & Data,Competitor B,44
A01993,Applications,Competitor B,34
A01993,Integration,Competitor D,34
A01994,Analytics & Data,Competitor A,14
A01994,Security,Competitor D,41
A01994,Integration,Competitor A,40
A01995,Security,Competitor A,83
A01996,Infrastructure,Competitor D,50
A01996,Database,Competitor B,78
A01996,AI & ML,Competitor C,58
A01996,Security,Competitor B,43
A01996,Integration,Competitor D,43
A01997,Infrastructure,Competitor C,90
A01997,Analytics & Data,Competitor D,97
A01997,AI & ML,Competitor A,97
A01997,Security,Competitor D,97
A01997,Applications,Competitor B,76
A01997,Integration,Competitor C,97
A01998,Infrastructure,Competitor A,98
A01998,Database,Competitor C,38
A01998,Analytics & Data,Competitor B,100
A01998,AI & ML,Competitor A,85
A01998,Security,Competitor D,81
A01998,Applications,Competitor D,80
A01998,Integration,Competitor A,92
A01999,Database,Competitor B,86
A02000,Infrastructure,Competitor A,100
A02000,Database,Competitor B,97
A02000,Analytics & Data,Competitor A,75
A02000,AI & ML,Competitor D,77
A02000,Security,Competitor B,99
A02000,Applications,Competitor C,79
A02000,Integration,Competitor B,98
A02001,Analytics & Data,Competitor C,55
A02002,Analytics & Data,Competitor A,68
A02002,Security,Competitor A,36
A02003,Infrastructure,Competitor A,99
A02003,Database,Competitor D,97
A02003,Analytics & Data,Competitor B,83
A02003,AI & ML,Competitor D,98
A02003,Security,Competitor D,97
A02003,Applications,Competitor D,93
A02003,Integration,Competitor C,89
A02004,Infrastructure,Competitor A,98
A02004,Analytics & Data,Competitor A,100
A02004,AI & ML,Competitor D,99
A02004,Security,Competitor D,100
A02004,Applications,Competitor D,98
A02004,Integration,Competitor B,99
A02005,Applications,Competitor C,64
A02006,AI & ML,Competitor A,73
A02006,Security,Competitor C,81
A02007,Database,Competitor D,47
A02007,Analytics & Data,Competitor A,92
A02007,Security,Competitor D,86
A02007,Applications,Competitor B,64
A02008,AI & ML,Competitor C,62
A02009,Database,Competitor C,80
A02009,Analytics & Data,Competitor B,99
A02009,Security,Competitor B,100
A02009,Applications,Competitor C,93
A02009,Integration,Competitor B,81
A02010,Database,Competitor B,62
A02010,Analytics & Data,Competitor C,38
A02010,Security,Competitor A,61
A02010,Integration,Competitor B,38
A02011,Database,Competitor C,99
A02011,Analytics & Data,Competitor C,98
A02011,AI & ML,Competitor A,97
A02011,Applications,Competitor B,100
A02011,Integration,Competitor C,100
A02012,Security,Competitor A,88
A02012,Integration,Competitor B,89
A02014,Database,Competitor C,40
A02014,Applications,Competitor C,86
A02015,Infrastructure,Competitor A,90
A02015,Database,Competitor D,73
A02015,Analytics & Data,Competitor C,72
A02015,AI & ML,Competitor A,83
A02015,Security,Competitor A,68
A02015,Applications,Competitor A,55
A02015,Integration,Competitor B,71
A02016,Infrastructure,Competitor D,97
A02016,Analytics & Data,Competitor C,100
A02016,AI & ML,Competitor C,98
A02016,Security,Competitor D,87
A02016,Applications,Competitor A,100
A02016,Integration,Competitor B,59
A02017,Infrastructure,Competitor B,43
A02017,Analytics & Data,Competitor A,63
A02017,AI & ML,Competitor B,40
A02018,Database,Competitor C,19
A02018,Analytics & Data,Competitor D,36
A02019,Infrastructure,Competitor D,92
A02019,Database,Competitor D,74
A02019,Applications,Competitor C,76
A02020,Infrastructure,Competitor C,89
A02020,AI & ML,Competitor C,81
A02020,Security,Competitor A,44
A02020,Applications,Competitor C,86
A02021,Infrastructure,Competitor B,98
A02021,Database,Competitor B,80
A02021,Analytics & Data,Competitor A,97
A02021,AI & ML,Competitor D,98
A02021,Applications,Competitor B,71
A02022,Database,Competitor B,38
A02022,Analytics & Data,Competitor B,51
A02022,AI & ML,Competitor D,61
A02022,Security,Competitor D,65
A02023,Infrastructure,Competitor C,82
A02023,Analytics & Data,Competitor D,87
A02023,AI & ML,Competitor A,44
A02023,Security,Competitor C,91
A02023,Applications,Competitor A,51
A02024,Integration,Competitor C,70
A02025,Infrastructure,Competitor C,100
A02025,Analytics & Data,Competitor D,99
A02025,AI & ML,Competitor B,98
A02025,Applications,Competitor B,97
A02025,Integration,Competitor C,82
A02026,Infrastructure,Competitor D,76
A02026,Analytics & Data,Competitor C,44
A02026,AI & ML,Competitor A,15
A02026,Security,Competitor B,44
A02026,Integration,Competitor D,82
A02027,Analytics & Data,Competitor D,61
A02027,Security,Competitor A,87
A02027,Applications,Competitor A,54
A02028,Database,Competitor C,38
A02028,Security,Competitor A,37
A02028,Integration,Competitor A,36
A02029,Analytics & Data,Competitor D,86
A02029,Security,Competitor B,83
A02030,Database,Competitor A,66
A02030,AI & ML,Competitor D,84
A02030,Security,Competitor D,68
A02031,Infrastructure,Competitor D,97
A02031,Database,Competitor D,98
A02031,Analytics & Data,Competitor D,84
A02031,Security,Competitor D,97
A02031,Applications,Competitor D,78
A02031,Integration,Competitor C,97
A02032,Infrastructure,Competitor C,45
A02032,Database,Competitor B,68
A02032,Analytics & Data,Competitor D,91
A02032,AI & ML,Competitor B,100
A02032,Security,Competitor A,76
A02032,Applications,Competitor A,76
A02032,Integration,Competitor A,46
A02033,Analytics & Data,Competitor B,75
A02033,AI & ML,Competitor A,52
A02033,Security,Competitor A,78
A02033,Applications,Competitor C,76
A02034,Infrastructure,Competitor B,39
A02034,Database,Competitor D,49
A02034,Applications,Competitor C,79
A02035,Infrastructure,Competitor D,73
A02035,Database,Competitor D,47
A02035,Analytics & Data,Competitor A,49
A02035,Security,Competitor C,50
A02036,Infrastructure,Competitor A,92
A02036,Database,Competitor C,74
A02036,Analytics & Data,Competitor B,37
A02036,AI & ML,Competitor B,44
A02036,Integration,Competitor C,77
A02037,Infrastructure,Competitor C,85
A02037,Database,Competitor D,75
A02037,Analytics & Data,Competitor D,83
A02037,Applications,Competitor A,97
A02039,Infrastructure,Competitor D,79
A02039,Analytics & Data,Competitor D,59
A02039,Applications,Competitor D,41
A02040,Infrastructure,Competitor B,37
A02040,Database,Competitor C,48
A02040,Security,Competitor C,29
A02040,Integration,Competitor A,23
A02041,Infrastructure,Competitor B,74
A02041,Database,Competitor C,84
A02041,Analytics & Data,Competitor B,100
A02042,Infrastructure,Competitor C,38
A02042,Database,Competitor C,35
A02042,AI & ML,Competitor C,85
A02042,Security,Competitor A,48
A02042,Applications,Competitor D,69
A02042,Integration,Competitor C,64
A02043,Database,Competitor C,56
A02043,Security,Competitor C,36
A02044,Infrastructure,Competitor D,79
A02044,Database,Competitor B,73
A02044,Analytics & Data,Competitor B,30
A02044,AI & ML,Competitor A,85
A02044,Security,Competitor D,78
A02044,Applications,Competitor D,89
A02045,Database,Competitor A,51
A02045,Security,Competitor D,63
A02045,Applications,Competitor A,42
A02046,Infrastructure,Competitor A,97
A02046,Database,Competitor B,76
A02046,Analytics & Data,Competitor C,99
A02046,AI & ML,Competitor A,77
A02046,Security,Competitor A,100
A02046,Applications,Competitor C,75
A02046,Integration,Competitor A,98
A02047,Infrastructure,Competitor D,77
A02047,Database,Competitor A,98
A02047,Analytics & Data,Competitor B,100
A02047,Applications,Competitor B,92
A02047,Integration,Competitor A,100
A02048,Infrastructure,Competitor B,85
A02048,Database,Competitor A,83
A02048,Analytics & Data,Competitor B,72
A02048,Security,Competitor D,97
A02048,Applications,Competitor B,71
A02049,Database,Competitor C,89
A02049,Analytics & Data,Competitor B,84
A02049,AI & ML,Competitor C,100
A02049,Security,Competitor D,78
A02049,Integration,Competitor A,71
A02050,Infrastructure,Competitor C,97
A02050,Analytics & Data,Competitor C,99
A02050,AI & ML,Competitor C,82
A02050,Security,Competitor B,97
A02050,Applications,Competitor A,97
A02050,Integration,Competitor B,99
A02051,Infrastructure,Competitor A,36
A02051,AI & ML,Competitor D,78
A02051,Integration,Competitor B,43
A02052,Infrastructure,Competitor A,69
A02052,Database,Competitor D,98
A02052,Security,Competitor B,69
A02052,Integration,Competitor A,85
A02053,Database,Competitor A,70
A02053,Analytics & Data,Competitor D,71
A02053,AI & ML,Competitor B,84
A02053,Applications,Competitor C,70
A02054,Analytics & Data,Competitor D,73
A02054,Applications,Competitor C,60
A02055,Infrastructure,Competitor B,98
A02055,Database,Competitor B,98
A02055,Analytics & Data,Competitor B,98
A02055,Security,Competitor A,99
A02055,Applications,Competitor A,99
A02055,Integration,Competitor C,97
A02056,Infrastructure,Competitor D,97
A02056,Database,Competitor D,72
A02056,Analytics & Data,Competitor C,72
A02056,Security,Competitor B,68
A02056,Integration,Competitor B,84
A02057,Applications,Competitor D,78
A02057,Integration,Competitor C,78
A02058,Security,Competitor B,75
A02059,Applications,Competitor B,34
A02060,Analytics & Data,Competitor D,82
A02061,Database,Competitor B,97
A02061,Analytics & Data,Competitor A,99
A02061,Security,Competitor B,98
A02061,Integration,Competitor B,82
A02062,Infrastructure,Competitor C,50
A02062,AI & ML,Competitor B,71
A02062,Security,Competitor A,82
A02062,Integration,Competitor B,46
A02063,Database,Competitor D,62
A02063,AI & ML,Competitor B,62
A02064,Infrastructure,Competitor D,91
A02064,AI & ML,Competitor D,68
A02064,Security,Competitor D,81
A02064,Applications,Competitor B,97
A02064,Integration,Competitor A,97
A02065,Database,Competitor B,99
A02065,Analytics & Data,Competitor B,12
A02066,Analytics & Data,Competitor A,97
A02066,Integration,Competitor C,98
A02067,Infrastructure,Competitor D,100
A02067,Analytics & Data,Competitor D,100
A02067,AI & ML,Competitor C,99
A02067,Security,Competitor D,99
A02067,Applications,Competitor C,100
A02067,Integration,Competitor A,98
A02068,Infrastructure,Competitor D,84
A02068,Analytics & Data,Competitor D,97
A02068,AI & ML,Competitor C,99
A02068,Applications,Competitor A,83
A02069,Infrastructure,Competitor C,53
A02069,Analytics & Data,Competitor D,35
A02069,AI & ML,Competitor D,72
A02069,Applications,Competitor D,58
A02070,Database,Competitor D,37
A02070,Applications,Competitor A,56
A02070,Integration,Competitor A,10
A02071,Infrastructure,Competitor B,99
A02071,Database,Competitor C,43
A02071,Security,Competitor A,62
A02071,Applications,Competitor B,97
A02071,Integration,Competitor A,99
A02072,Database,Competitor A,99
A02072,Analytics & Data,Competitor D,70
A02072,AI & ML,Competitor A,100
A02072,Security,Competitor B,69
A02072,Applications,Competitor A,83
A02072,Integration,Competitor A,81
A02073,Analytics & Data,Competitor D,64
A02073,AI & ML,Competitor B,69
A02073,Security,Competitor C,90
A02073,Applications,Competitor D,15
A02073,Integration,Competitor D,90
A02074,Infrastructure,Competitor A,97
A02074,Database,Competitor B,97
A02074,Analytics & Data,Competitor B,97
A02074,AI & ML,Competitor A,73
A02074,Security,Competitor B,37
A02074,Integration,Competitor A,100
A02075,Database,Competitor B,77
A02075,Analytics & Data,Competitor D,99
A02075,AI & ML,Competitor D,100
A02075,Security,Competitor A,86
A02075,Applications,Competitor A,74
A02075,Integration,Competitor D,98
A02076,AI & ML,Competitor B,63
A02076,Integration,Competitor C,22
A02077,Infrastructure,Competitor A,97
A02077,Security,Competitor C,75
A02078,Database,Competitor C,27
A02078,Analytics & Data,Competitor D,38
A02078,Security,Competitor D,59
A02079,Infrastructure,Competitor A,53
A02079,Database,Competitor D,48
A02079,Analytics & Data,Competitor D,72
A02079,AI & ML,Competitor B,88
A02079,Security,Competitor D,53
A02079,Integration,Competitor D,99
A02080,Database,Competitor D,99
A02080,Analytics & Data,Competitor D,79
A02080,Security,Competitor A,69
A02080,Applications,Competitor B,100
A02080,Integration,Competitor A,68
A02081,Infrastructure,Competitor A,74
A02081,Database,Competitor B,85
A02081,Analytics & Data,Competitor C,99
A02081,AI & ML,Competitor C,72
A02081,Applications,Competitor D,56
A02081,Integration,Competitor B,35
A02082,Infrastructure,Competitor A,46
A02082,Database,Competitor D,82
A02082,Security,Competitor D,56
A02082,Applications,Competitor B,75
A02082,Integration,Competitor B,72
A02083,Database,Competitor C,52
A02083,AI & ML,Competitor B,90
A02083,Integration,Competitor D,67
A02084,Infrastructure,Competitor C,40
A02084,Database,Competitor C,41
A02084,Security,Competitor D,87
A02084,Integration,Competitor A,69
A02085,Infrastructure,Competitor C,99
A02085,Database,Competitor D,99
A02085,Analytics & Data,Competitor A,93
A02085,Security,Competitor C,19
A02085,Applications,Competitor C,73
A02085,Integration,Competitor C,81
A02086,Database,Competitor A,59
A02086,Analytics & Data,Competitor B,14
A02087,Infrastructure,Competitor A,78
A02087,Analytics & Data,Competitor D,77
A02087,AI & ML,Competitor B,98
A02087,Security,Competitor B,93
A02087,Applications,Competitor C,97
A02088,Infrastructure,Competitor D,66
A02088,Security,Competitor C,93
A02088,Applications,Competitor A,100
A02088,Integration,Competitor C,74
A02089,Infrastructure,Competitor A,98
A02089,Database,Competitor A,85
A02089,Analytics & Data,Competitor A,99
A02089,AI & ML,Competitor D,73
A02089,Security,Competitor A,97
A02089,Applications,Competitor D,98
A02090,Infrastructure,Competitor B,57
A02090,Database,Competitor B,52
A02090,Analytics & Data,Competitor C,35
A02091,Infrastructure,Competitor D,88
A02091,Database,Competitor A,69
A02091,Analytics & Data,Competitor B,77
A02091,AI & ML,Competitor D,90
A02091,Security,Competitor C,98
A02091,Applications,Competitor D,85
A02091,Integration,Competitor D,69
A02092,Security,Competitor C,70
A02093,Database,Competitor B,38
A02093,AI & ML,Competitor B,91
A02093,Security,Competitor D,80
A02094,Infrastructure,Competitor B,98
A02094,Database,Competitor B,76
A02094,Applications,Competitor B,99
A02094,Integration,Competitor C,84
A02095,Infrastructure,Competitor A,60
A02095,Database,Competitor C,44
A02095,Analytics & Data,Competitor A,63
A02095,Applications,Competitor A,83
A02095,Integration,Competitor D,57
A02096,Applications,Competitor A,75
A02096,Integration,Competitor C,97
A02097,Infrastructure,Competitor A,100
A02097,Database,Competitor B,68
A02097,Analytics & Data,Competitor A,90
A02097,AI & ML,Competitor B,91
A02097,Security,Competitor D,44
A02097,Integration,Competitor C,100
A02098,Database,Competitor B,42
A02098,AI & ML,Competitor A,90
A02098,Applications,Competitor C,47
A02100,Infrastructure,Competitor D,69
A02100,AI & ML,Competitor A,80
A02100,Security,Competitor B,70
A02101,Database,Competitor A,90
A02101,Analytics & Data,Competitor C,93
A02101,Security,Competitor C,67
A02102,Infrastructure,Competitor C,90
A02102,Database,Competitor D,98
A02102,Analytics & Data,Competitor D,100
A02102,Applications,Competitor A,82
A02103,Applications,Competitor A,60
A02103,Integration,Competitor D,48
A02104,Database,Competitor B,43
A02104,Applications,Competitor A,72
A02104,Integration,Competitor C,52
A02105,AI & ML,Competitor B,85
A02106,Infrastructure,Competitor A,97
A02106,Database,Competitor D,99
A02106,Analytics & Data,Competitor B,100
A02106,AI & ML,Competitor C,98
A02106,Security,Competitor C,97
A02106,Applications,Competitor C,97
A02106,Integration,Competitor C,68
A02107,Infrastructure,Competitor A,99
A02107,Database,Competitor B,81
A02107,Analytics & Data,Competitor D,73
A02107,AI & ML,Competitor D,98
A02107,Security,Competitor B,75
A02107,Applications,Competitor D,100
A02107,Integration,Competitor C,90
A02108,AI & ML,Competitor A,42
A02108,Applications,Competitor D,61
A02108,Integration,Competitor B,64
A02109,Database,Competitor A,35
A02109,AI & ML,Competitor C,91
A02110,Database,Competitor C,47
A02110,Security,Competitor A,49
A02111,Database,Competitor A,75
A02111,Security,Competitor D,38
A02112,Analytics & Data,Competitor A,10
A02113,Infrastructure,Competitor C,71
A02113,Database,Competitor D,75
A02113,Analytics & Data,Competitor D,90
A02113,AI & ML,Competitor D,98
A02113,Security,Competitor B,99
A02113,Applications,Competitor A,41
A02113,Integration,Competitor D,69
A02114,Infrastructure,Competitor C,99
A02114,Database,Competitor D,97
A02114,Analytics & Data,Competitor B,100
A02114,Security,Competitor B,97
A02114,Applications,Competitor B,99
A02114,Integration,Competitor B,89
A02115,Database,Competitor B,98
A02115,AI & ML,Competitor A,97
A02115,Security,Competitor A,89
A02116,Database,Competitor D,61
A02116,Integration,Competitor C,80
A02117,Infrastructure,Competitor C,89
A02117,Analytics & Data,Competitor B,79
A02117,Applications,Competitor D,60
A02118,Database,Competitor B,100
A02118,Security,Competitor C,36
A02118,Applications,Competitor D,17
A02119,Infrastructure,Competitor C,73
A02119,Database,Competitor A,89
A02119,AI & ML,Competitor C,36
A02119,Security,Competitor B,48
A02119,Applications,Competitor D,45
A02120,Infrastructure,Competitor A,41
A02120,AI & ML,Competitor C,23
A02120,Applications,Competitor D,59
A02121,Database,Competitor C,97
A02121,Analytics & Data,Competitor B,100
A02121,AI & ML,Competitor D,97
A02121,Security,Competitor D,98
A02121,Applications,Competitor A,73
A02121,Integration,Competitor A,77
A02122,Database,Competitor C,90
A02122,Analytics & Data,Competitor C,53
A02122,Applications,Competitor B,47
A02123,Database,Competitor C,75
A02123,Analytics & Data,Competitor D,97
A02123,Security,Competitor C,90
A02124,AI & ML,Competitor A,39
A02126,Database,Competitor C,88
A02126,Analytics & Data,Competitor C,82
A02126,AI & ML,Competitor A,63
A02127,Infrastructure,Competitor A,81
A02127,Database,Competitor A,93
A02127,Security,Competitor A,97
A02128,Infrastructure,Competitor B,73
A02128,Analytics & Data,Competitor A,83
A02128,Security,Competitor C,42
A02128,Integration,Competitor B,68
A02129,Analytics & Data,Competitor B,54
A02129,Security,Competitor D,98
A02129,Applications,Competitor D,47
A02129,Integration,Competitor B,69
A02130,Infrastructure,Competitor B,97
A02130,Database,Competitor A,99
A02130,Analytics & Data,Competitor C,82
A02130,AI & ML,Competitor B,100
A02130,Security,Competitor D,87
A02130,Applications,Competitor D,98
A02130,Integration,Competitor D,84
A02131,Database,Competitor D,73
A02131,Analytics & Data,Competitor C,53
A02131,AI & ML,Competitor D,69
A02131,Security,Competitor C,68
A02131,Applications,Competitor A,65
A02132,Infrastructure,Competitor D,52
A02132,Database,Competitor A,75
A02132,Analytics & Data,Competitor D,37
A02133,Security,Competitor A,88
A02133,Applications,Competitor C,76
A02134,Infrastructure,Competitor A,99
A02134,Analytics & Data,Competitor B,93
A02134,Security,Competitor B,100
A02134,Applications,Competitor B,97
A02134,Integration,Competitor C,99
A02135,Database,Competitor A,97
A02135,AI & ML,Competitor C,97
A02135,Security,Competitor B,73
A02135,Applications,Competitor D,70
A02135,Integration,Competitor C,89
A02136,Infrastructure,Competitor D,66
A02136,Database,Competitor B,29
A02136,Security,Competitor A,47
A02137,Security,Competitor A,89
A02138,Applications,Competitor A,85
A02139,Infrastructure,Competitor C,100
A02139,Database,Competitor C,90
A02139,Analytics & Data,Competitor D,68
A02139,Integration,Competitor C,99
A02140,Database,Competitor A,100
A02140,Analytics & Data,Competitor D,100
A02140,AI & ML,Competitor A,97
A02140,Security,Competitor D,43
A02141,Infrastructure,Competitor B,81
A02141,Analytics & Data,Competitor D,97
A02141,AI & ML,Competitor A,75
A02141,Security,Competitor D,99
A02141,Applications,Competitor C,100
A02141,Integration,Competitor B,53
A02142,Infrastructure,Competitor A,91
A02142,Analytics & Data,Competitor D,45
A02142,AI & ML,Competitor C,38
A02142,Applications,Competitor C,41
A02142,Integration,Competitor D,41
A02143,Infrastructure,Competitor D,90
A02143,Database,Competitor C,99
A02143,Analytics & Data,Competitor D,98
A02143,AI & ML,Competitor C,100
A02143,Security,Competitor D,71
A02143,Applications,Competitor D,88
A02143,Integration,Competitor D,70
A02144,Infrastructure,Competitor B,86
A02144,Database,Competitor C,100
A02144,Analytics & Data,Competitor C,73
A02144,Applications,Competitor C,79
A02144,Integration,Competitor A,74
A02145,Database,Competitor A,86
A02145,Analytics & Data,Competitor B,90
A02145,AI & ML,Competitor A,59
A02145,Security,Competitor C,99
A02145,Integration,Competitor A,89
A02146,Infrastructure,Competitor B,58
A02146,Database,Competitor D,89
A02146,AI & ML,Competitor A,57
A02146,Security,Competitor A,46
A02146,Integration,Competitor D,88
A02147,Infrastructure,Competitor D,55
A02147,Applications,Competitor A,87
A02147,Integration,Competitor C,35
A02148,Infrastructure,Competitor B,20
A02148,Analytics & Data,Competitor A,45
A02148,Integration,Competitor B,56
A02149,Infrastructure,Competitor C,89
A02149,Database,Competitor B,41
A02150,Database,Competitor D,36
A02150,AI & ML,Competitor C,90
A02150,Applications,Competitor B,44
A02150,Integration,Competitor C,83
A02151,Infrastructure,Competitor A,99
A02151,Database,Competitor C,77
A02151,Analytics & Data,Competitor A,56
A02151,AI & ML,Competitor C,97
A02151,Security,Competitor A,82
A02151,Applications,Competitor A,97
A02152,Infrastructure,Competitor D,31
A02152,Analytics & Data,Competitor A,41
A02152,AI & ML,Competitor C,38
A02152,Applications,Competitor B,31
A02153,Infrastructure,Competitor B,72
A02153,Database,Competitor B,53
A02153,Analytics & Data,Competitor D,35
A02153,AI & ML,Competitor A,81
A02154,Analytics & Data,Competitor D,90
A02154,Security,Competitor D,42
A02154,Applications,Competitor C,90
A02155,Security,Competitor D,17
A02155,Integration,Competitor A,40
A02156,Integration,Competitor A,84
A02157,Database,Competitor C,81
A02157,Applications,Competitor D,97
A02157,Integration,Competitor D,84
A02158,Database,Competitor C,73
A02158,Security,Competitor A,97
A02158,Applications,Competitor C,78
A02158,Integration,Competitor D,47
A02159,AI & ML,Competitor B,31
A02159,Applications,Competitor C,37
A02159,Integration,Competitor D,46
A02160,Infrastructure,Competitor B,72
A02160,Database,Competitor A,77
A02160,Analytics & Data,Competitor B,34
A02160,AI & ML,Competitor C,70
A02160,Security,Competitor A,100
A02160,Applications,Competitor C,69
A02160,Integration,Competitor D,84
A02161,Database,Competitor D,11
A02162,Infrastructure,Competitor C,72
A02162,Database,Competitor D,98
A02162,Analytics & Data,Competitor C,100
A02162,AI & ML,Competitor D,68
A02162,Applications,Competitor D,87
A02162,Integration,Competitor B,97
A02163,Database,Competitor B,98
A02163,Analytics & Data,Competitor B,85
A02163,AI & ML,Competitor A,90
A02163,Security,Competitor C,89
A02163,Applications,Competitor B,100
A02163,Integration,Competitor B,100
A02164,Analytics & Data,Competitor A,13
A02164,Applications,Competitor D,81
A02165,AI & ML,Competitor C,43
A02165,Security,Competitor C,43
A02165,Applications,Competitor A,100
A02166,Infrastructure,Competitor B,86
A02166,Security,Competitor A,99
A02166,Applications,Competitor A,85
A02167,Infrastructure,Competitor D,71
A02167,Database,Competitor B,59
A02167,AI & ML,Competitor C,88
A02167,Applications,Competitor D,75
A02168,AI & ML,Competitor C,72
A02168,Security,Competitor B,84
A02169,Infrastructure,Competitor C,83
A02169,Database,Competitor B,80
A02169,Analytics & Data,Competitor B,45
A02169,AI & ML,Competitor A,51
A02169,Security,Competitor B,69
A02169,Integration,Competitor D,63
A02170,Infrastructure,Competitor D,99
A02170,Database,Competitor D,74
A02170,AI & ML,Competitor B,97
A02170,Security,Competitor C,98
A02170,Applications,Competitor A,98
A02170,Integration,Competitor D,99
A02171,Database,Competitor C,59
A02172,Infrastructure,Competitor C,81
A02172,Analytics & Data,Competitor A,89
A02174,AI & ML,Competitor D,42
A02174,Security,Competitor A,62
A02174,Applications,Competitor B,88
A02175,Infrastructure,Competitor D,92
A02175,Database,Competitor B,49
A02175,Analytics & Data,Competitor B,36
A02175,AI & ML,Competitor C,38
A02175,Security,Competitor A,87
A02175,Applications,Competitor A,98
A02175,Integration,Competitor C,99
A02176,Infrastructure,Competitor A,38
A02176,Analytics & Data,Competitor C,84
A02176,AI & ML,Competitor C,70
A02176,Security,Competitor B,68
A02176,Applications,Competitor B,76
A02177,Applications,Competitor B,89
A02177,Integration,Competitor B,39
A02178,Infrastructure,Competitor A,88
A02178,Database,Competitor B,98
A02178,Analytics & Data,Competitor C,98
A02178,Security,Competitor B,92
A02178,Integration,Competitor B,92
A02179,Database,Competitor D,99
A02179,Analytics & Data,Competitor C,37
A02179,AI & ML,Competitor C,97
A02179,Security,Competitor D,88
A02179,Applications,Competitor A,88
A02179,Integration,Competitor C,89
A02180,Database,Competitor D,73
A02180,AI & ML,Competitor A,100
A02180,Security,Competitor C,71
A02180,Applications,Competitor D,89
A02180,Integration,Competitor C,70
A02181,Infrastructure,Competitor B,90
A02181,Database,Competitor D,73
A02181,Applications,Competitor B,42
A02182,Infrastructure,Competitor D,98
A02182,Database,Competitor D,82
A02182,Analytics & Data,Competitor D,79
A02182,AI & ML,Competitor B,91
A02182,Security,Competitor A,83
A02182,Applications,Competitor A,38
A02182,Integration,Competitor C,87
A02183,Infrastructure,Competitor A,86
A02183,Database,Competitor C,80
A02183,Analytics & Data,Competitor D,98
A02183,AI & ML,Competitor C,98
A02183,Security,Competitor D,87
A02183,Applications,Competitor C,97
A02183,Integration,Competitor B,82
A02184,Infrastructure,Competitor C,36
A02184,Analytics & Data,Competitor B,40
A02184,Applications,Competitor C,81
A02185,Infrastructure,Competitor C,46
A02186,Infrastructure,Competitor C,76
A02186,Database,Competitor C,30
A02186,Analytics & Data,Competitor B,80
A02186,AI & ML,Competitor A,87
A02186,Security,Competitor B,89
A02186,Applications,Competitor D,73
A02186,Integration,Competitor A,97
A02187,Infrastructure,Competitor D,41
A02187,Security,Competitor A,82
A02188,Database,Competitor D,58
A02188,Applications,Competitor C,54
A02189,Infrastructure,Competitor C,98
A02189,Database,Competitor D,99
A02189,Analytics & Data,Competitor C,99
A02189,AI & ML,Competitor A,100
A02189,Security,Competitor C,100
A02189,Integration,Competitor B,100
A02190,Database,Competitor C,55
A02190,Analytics & Data,Competitor C,89
A02190,Security,Competitor A,14
A02190,Applications,Competitor A,82
A02190,Integration,Competitor A,65
A02191,Infrastructure,Competitor B,80
A02191,Database,Competitor C,86
A02191,Analytics & Data,Competitor C,88
A02191,AI & ML,Competitor C,83
A02191,Security,Competitor B,35
A02191,Integration,Competitor D,77
A02192,Infrastructure,Competitor C,98
A02192,Database,Competitor D,98
A02192,Analytics & Data,Competitor B,49
A02192,AI & ML,Competitor A,99
A02192,Applications,Competitor B,97
A02193,Infrastructure,Competitor D,98
A02193,Database,Competitor A,79
A02193,Security,Competitor A,63
A02193,Applications,Competitor A,99
A02193,Integration,Competitor A,85
A02194,Infrastructure,Competitor C,99
A02194,Database,Competitor A,98
A02194,Analytics & Data,Competitor D,81
A02194,AI & ML,Competitor C,73
A02194,Security,Competitor A,100
A02194,Applications,Competitor B,61
A02194,Integration,Competitor B,74
A02195,Infrastructure,Competitor A,86
A02195,Security,Competitor B,17
A02195,Applications,Competitor A,60
A02195,Integration,Competitor D,73
A02196,Infrastructure,Competitor A,90
A02196,Database,Competitor B,58
A02196,Analytics & Data,Competitor A,42
A02196,AI & ML,Competitor D,43
A02196,Applications,Competitor D,36
A02197,Infrastructure,Competitor A,87
A02197,Database,Competitor D,35
A02197,Integration,Competitor A,56
A02198,Database,Competitor D,99
A02198,Analytics & Data,Competitor A,98
A02198,AI & ML,Competitor A,91
A02198,Applications,Competitor A,98
A02198,Integration,Competitor C,70
A02199,AI & ML,Competitor A,93
A02199,Security,Competitor C,82
A02199,Applications,Competitor B,71
A02200,Database,Competitor C,89
A02200,Security,Competitor A,30
A02201,Infrastructure,Competitor C,66
A02201,Applications,Competitor D,45
A02201,Integration,Competitor A,82
A02202,Infrastructure,Competitor D,79
A02202,Security,Competitor B,42
A02202,Applications,Competitor A,98
A02202,Integration,Competitor B,37
A02203,Integration,Competitor B,15
A02204,Infrastructure,Competitor A,97
A02204,Database,Competitor A,99
A02204,Analytics & Data,Competitor D,82
A02204,AI & ML,Competitor D,54
A02204,Security,Competitor C,99
A02204,Integration,Competitor D,98
A02205,Database,Competitor B,100
A02205,AI & ML,Competitor B,100
A02205,Security,Competitor C,88
A02205,Applications,Competitor D,97
A02205,Integration,Competitor C,68
A02206,Infrastructure,Competitor D,97
A02206,Database,Competitor B,97
A02206,Analytics & Data,Competitor D,100
A02206,AI & ML,Competitor C,75
A02206,Applications,Competitor D,74
A02206,Integration,Competitor C,100
A02207,Infrastructure,Competitor A,48
A02207,Analytics & Data,Competitor C,75
A02207,Security,Competitor B,47
A02207,Integration,Competitor A,75
A02209,Infrastructure,Competitor B,93
A02209,Database,Competitor A,81
A02209,Analytics & Data,Competitor D,46
A02209,AI & ML,Competitor A,86
A02209,Security,Competitor B,100
A02209,Integration,Competitor D,100
A02210,Infrastructure,Competitor B,15
A02210,Database,Competitor A,45
A02210,Analytics & Data,Competitor C,59
A02210,Applications,Competitor C,62
A02211,Database,Competitor D,100
A02211,Analytics & Data,Competitor A,97
A02211,AI & ML,Competitor A,98
A02211,Security,Competitor D,100
A02211,Integration,Competitor B,100
A02212,Infrastructure,Competitor A,78
A02212,Security,Competitor D,50
A02212,Applications,Competitor C,57
A02212,Integration,Competitor A,66
A02213,Infrastructure,Competitor C,97
A02213,Database,Competitor C,93
A02213,Analytics & Data,Competitor D,81
A02213,AI & ML,Competitor C,84
A02213,Security,Competitor A,97
A02213,Applications,Competitor C,97
A02213,Integration,Competitor B,82
A02214,Infrastructure,Competitor D,99
A02214,Database,Competitor A,99
A02214,Analytics & Data,Competitor A,98
A02214,AI & ML,Competitor D,98
A02214,Security,Competitor B,97
A02214,Applications,Competitor C,98
A02214,Integration,Competitor C,88
A02215,Analytics & Data,Competitor D,65
A02215,Security,Competitor A,54
A02215,Applications,Competitor C,83
A02215,Integration,Competitor C,42
A02216,Infrastructure,Competitor A,90
A02216,Database,Competitor A,35
A02216,AI & ML,Competitor C,38
A02216,Applications,Competitor A,79
A02217,Database,Competitor D,46
A02217,Analytics & Data,Competitor A,43
A02217,AI & ML,Competitor D,86
A02217,Security,Competitor B,37
A02217,Integration,Competitor B,53
A02218,Database,Competitor B,85
A02218,Analytics & Data,Competitor A,35
A02218,AI & ML,Competitor A,65
A02218,Security,Competitor B,86
A02218,Applications,Competitor C,98
A02218,Integration,Competitor A,46
A02219,Database,Competitor B,46
A02219,Analytics & Data,Competitor B,60
A02219,AI & ML,Competitor C,66
A02219,Security,Competitor B,78
A02220,Infrastructure,Competitor C,75
A02220,Database,Competitor D,77
A02220,Analytics & Data,Competitor C,78
A02220,Security,Competitor A,79
A02220,Applications,Competitor A,98
A02221,Infrastructure,Competitor A,74
A02221,Analytics & Data,Competitor B,68
A02221,AI & ML,Competitor D,79
A02221,Applications,Competitor B,93
A02221,Integration,Competitor A,89
A02222,Database,Competitor D,89
A02222,AI & ML,Competitor B,61
A02222,Integration,Competitor D,91
A02223,Infrastructure,Competitor B,83
A02223,Database,Competitor A,74
A02223,Analytics & Data,Competitor C,39
A02223,AI & ML,Competitor C,88
A02223,Integration,Competitor A,99
A02224,Security,Competitor A,41
A02225,Infrastructure,Competitor D,50
A02225,Analytics & Data,Competitor D,42
A02225,Applications,Competitor D,65
A02226,Infrastructure,Competitor D,71
A02226,Database,Competitor A,70
A02226,Analytics & Data,Competitor A,97
A02226,Security,Competitor B,90
A02226,Applications,Competitor C,53
A02226,Integration,Competitor C,46
A02227,Database,Competitor D,54
A02227,Security,Competitor D,91
A02228,Infrastructure,Competitor D,33
A02228,Database,Competitor C,88
A02228,AI & ML,Competitor B,67
A02229,Infrastructure,Competitor C,86
A02230,Infrastructure,Competitor A,53
A02230,Database,Competitor B,53
A02230,Analytics & Data,Competitor B,86
A02230,Applications,Competitor D,45
A02231,Database,Competitor C,74
A02231,AI & ML,Competitor D,81
A02231,Security,Competitor D,68
A02231,Integration,Competitor D,83
A02232,Applications,Competitor A,72
A02233,Infrastructure,Competitor C,99
A02233,Database,Competitor D,83
A02233,Analytics & Data,Competitor C,97
A02233,AI & ML,Competitor C,99
A02233,Security,Competitor D,97
A02233,Applications,Competitor B,100
A02234,Database,Competitor B,54
A02234,Analytics & Data,Competitor B,89
A02234,Security,Competitor D,68
A02234,Applications,Competitor B,46
A02234,Integration,Competitor A,44
A02235,Infrastructure,Competitor A,89
A02235,Security,Competitor B,87
A02235,Applications,Competitor A,48
A02235,Integration,Competitor C,80
A02236,AI & ML,Competitor D,47
A02236,Security,Competitor C,22
A02237,Infrastructure,Competitor C,78
A02237,Analytics & Data,Competitor C,93
A02237,AI & ML,Competitor B,71
A02237,Applications,Competitor D,68
A02238,AI & ML,Competitor A,59
A02239,Database,Competitor D,51
A02239,Analytics & Data,Competitor A,92
A02239,AI & ML,Competitor D,36
A02239,Integration,Competitor C,37
A02240,Infrastructure,Competitor C,88
A02240,Database,Competitor A,97
A02240,AI & ML,Competitor C,68
A02240,Applications,Competitor B,77
A02241,Infrastructure,Competitor C,98
A02241,Database,Competitor A,99
A02241,Analytics & Data,Competitor A,97
A02241,AI & ML,Competitor B,75
A02241,Security,Competitor A,98
A02241,Applications,Competitor A,100
A02241,Integration,Competitor A,100
A02242,Infrastructure,Competitor D,40
A02242,Database,Competitor C,76
A02242,Analytics & Data,Competitor B,88
A02242,AI & ML,Competitor B,23
A02242,Security,Competitor B,99
A02242,Integration,Competitor D,88
A02243,Database,Competitor D,98
A02243,Analytics & Data,Competitor A,98
A02243,AI & ML,Competitor B,97
A02243,Security,Competitor D,68
A02243,Applications,Competitor C,100
A02243,Integration,Competitor D,98
A02244,Database,Competitor C,46
A02244,Analytics & Data,Competitor D,74
A02244,AI & ML,Competitor D,69
A02244,Security,Competitor B,61
A02244,Integration,Competitor A,89
A02245,Database,Competitor A,88
A02245,Analytics & Data,Competitor D,77
A02245,Applications,Competitor A,97
A02246,Analytics & Data,Competitor D,44
A02246,AI & ML,Competitor A,97
A02246,Security,Competitor D,88
A02246,Integration,Competitor A,45
A02247,Infrastructure,Competitor C,99
A02247,Database,Competitor C,100
A02247,Analytics & Data,Competitor C,81
A02247,AI & ML,Competitor B,98
A02247,Security,Competitor D,99
A02247,Applications,Competitor B,99
A02247,Integration,Competitor C,100
A02248,Infrastructure,Competitor B,54
A02248,Security,Competitor B,73
A02248,Applications,Competitor D,47
A02248,Integration,Competitor C,40
A02250,Infrastructure,Competitor D,41
A02251,Infrastructure,Competitor C,87
A02251,Database,Competitor D,100
A02251,Analytics & Data,Competitor A,66
A02251,Security,Competitor D,100
A02251,Applications,Competitor D,88
A02251,Integration,Competitor C,91
A02252,Infrastructure,Competitor C,58
A02252,Database,Competitor D,88
A02252,Analytics & Data,Competitor C,41
A02252,AI & ML,Competitor D,70
A02252,Security,Competitor C,85
A02252,Applications,Competitor B,79
A02253,Infrastructure,Competitor B,89
A02253,Database,Competitor D,61
A02253,Integration,Competitor D,42
A02254,Database,Competitor D,83
A02254,Security,Competitor B,68
A02254,Applications,Competitor A,99
A02255,Analytics & Data,Competitor A,72
A02255,Security,Competitor D,80
A02255,Applications,Competitor D,45
A02255,Integration,Competitor B,63
A02256,Security,Competitor A,17
A02257,Integration,Competitor B,43
A02258,Applications,Competitor B,39
A02259,Infrastructure,Competitor A,37
A02259,AI & ML,Competitor B,82
A02259,Integration,Competitor A,38
A02260,Infrastructure,Competitor C,99
A02260,Analytics & Data,Competitor D,39
A02260,AI & ML,Competitor A,92
A02260,Applications,Competitor A,61
A02261,Infrastructure,Competitor C,72
A02261,Applications,Competitor B,41
A02262,Infrastructure,Competitor C,97
A02262,Database,Competitor D,86
A02262,Analytics & Data,Competitor D,45
A02262,AI & ML,Competitor D,83
A02262,Security,Competitor A,59
A02262,Applications,Competitor A,63
A02262,Integration,Competitor D,80
A02263,Infrastructure,Competitor C,70
A02263,Database,Competitor A,98
A02263,Analytics & Data,Competitor B,78
A02263,AI & ML,Competitor B,97
A02263,Security,Competitor C,42
A02264,Infrastructure,Competitor C,82
A02264,Database,Competitor B,70
A02264,Analytics & Data,Competitor B,81
A02264,AI & ML,Competitor C,83
A02264,Applications,Competitor D,88
A02265,Infrastructure,Competitor B,51
A02265,Database,Competitor B,88
A02265,Analytics & Data,Competitor A,78
A02265,AI & ML,Competitor B,86
A02265,Security,Competitor B,99
A02265,Applications,Competitor B,53
A02265,Integration,Competitor B,75
A02266,Infrastructure,Competitor B,83
A02266,Database,Competitor A,75
A02266,Analytics & Data,Competitor D,80
A02266,Security,Competitor B,71
A02267,Database,Competitor A,91
A02267,Security,Competitor C,60
A02268,Database,Competitor D,89
A02268,Analytics & Data,Competitor C,75
A02268,AI & ML,Competitor A,79
A02268,Security,Competitor B,97
A02268,Applications,Competitor A,100
A02268,Integration,Competitor B,72
A02269,Database,Competitor C,80
A02269,Analytics & Data,Competitor B,75
A02269,AI & ML,Competitor A,100
A02269,Security,Competitor B,77
A02269,Applications,Competitor B,71
A02269,Integration,Competitor C,81
A02270,Infrastructure,Competitor D,99
A02270,Analytics & Data,Competitor C,82
A02270,Security,Competitor D,98
A02270,Applications,Competitor D,70
A02271,Database,Competitor D,66
A02271,AI & ML,Competitor A,78
A02271,Applications,Competitor A,58
A02272,Database,Competitor C,75
A02272,Analytics & Data,Competitor A,84
A02272,Applications,Competitor C,59
A02273,Infrastructure,Competitor A,80
A02273,Analytics & Data,Competitor D,82
A02273,AI & ML,Competitor C,68
A02273,Security,Competitor B,89
A02273,Applications,Competitor C,88
A02273,Integration,Competitor D,41
A02274,Infrastructure,Competitor B,99
A02274,Database,Competitor C,100
A02274,Analytics & Data,Competitor D,82
A02274,AI & ML,Competitor C,100
A02274,Security,Competitor C,84
A02274,Applications,Competitor D,69
A02275,Database,Competitor A,89
A02275,Analytics & Data,Competitor A,52
A02275,Integration,Competitor B,70
A02276,Infrastructure,Competitor D,93
A02276,Database,Competitor B,42
A02276,Analytics & Data,Competitor B,82
A02276,Security,Competitor C,42
A02276,Integration,Competitor A,43
A02277,AI & ML,Competitor C,35
A02277,Integration,Competitor A,59
A02278,Database,Competitor D,89
A02278,Analytics & Data,Competitor B,100
A02278,AI & ML,Competitor A,93
A02278,Security,Competitor D,100
A02278,Applications,Competitor C,90
A02278,Integration,Competitor C,99
A02279,Infrastructure,Competitor D,91
A02279,Security,Competitor C,49
A02279,Integration,Competitor C,68
A02280,Infrastructure,Competitor C,21
A02280,Analytics & Data,Competitor C,51
A02281,Infrastructure,Competitor C,76
A02281,Database,Competitor C,86
A02281,Analytics & Data,Competitor A,75
A02281,AI & ML,Competitor A,81
A02281,Security,Competitor A,77
A02282,Database,Competitor D,65
A02282,AI & ML,Competitor B,36
A02283,Infrastructure,Competitor A,97
A02283,Database,Competitor B,97
A02283,Analytics & Data,Competitor A,100
A02283,AI & ML,Competitor D,97
A02283,Security,Competitor A,100
A02283,Applications,Competitor A,99
A02283,Integration,Competitor C,100
A02284,Infrastructure,Competitor D,76
A02284,Database,Competitor D,39
A02284,AI & ML,Competitor A,83
A02284,Security,Competitor C,88
A02284,Applications,Competitor D,81
A02285,Infrastructure,Competitor A,100
A02285,Analytics & Data,Competitor A,61
A02285,Security,Competitor D,81
A02285,Integration,Competitor C,97
A02286,Analytics & Data,Competitor D,88
A02286,Applications,Competitor B,39
A02287,Database,Competitor D,89
A02287,Applications,Competitor C,81
A02287,Integration,Competitor D,56
A02288,Infrastructure,Competitor B,92
A02288,Analytics & Data,Competitor D,88
A02288,AI & ML,Competitor A,87
A02288,Security,Competitor C,79
A02288,Applications,Competitor A,72
A02288,Integration,Competitor D,85
A02289,Database,Competitor A,86
A02289,AI & ML,Competitor D,98
A02289,Integration,Competitor D,97
A02290,Infrastructure,Competitor D,51
A02290,Applications,Competitor D,63
A02291,Infrastructure,Competitor D,83
A02291,Analytics & Data,Competitor C,89
A02291,Security,Competitor B,99
A02291,Integration,Competitor D,35
A02292,Infrastructure,Competitor C,100
A02292,Analytics & Data,Competitor D,89
A02292,AI & ML,Competitor A,97
A02292,Security,Competitor A,92
A02292,Applications,Competitor B,70
A02292,Integration,Competitor B,72
A02293,Infrastructure,Competitor C,97
A02293,Database,Competitor B,92
A02293,Analytics & Data,Competitor A,50
A02293,Security,Competitor B,48
A02293,Applications,Competitor B,71
A02293,Integration,Competitor D,55
A02294,Infrastructure,Competitor D,99
A02294,Database,Competitor A,97
A02294,Analytics & Data,Competitor D,90
A02294,AI & ML,Competitor A,99
A02294,Security,Competitor B,91
A02294,Applications,Competitor C,69
A02295,Security,Competitor C,64
A02296,Infrastructure,Competitor D,33
A02296,Applications,Competitor B,64
A02297,Infrastructure,Competitor A,71
A02298,Analytics & Data,Competitor B,98
A02298,AI & ML,Competitor A,100
A02298,Security,Competitor D,27
A02299,Infrastructure,Competitor D,99
A02299,Database,Competitor A,79
A02299,Analytics & Data,Competitor A,49
A02299,AI & ML,Competitor D,78
A02299,Security,Competitor C,71
A02299,Applications,Competitor B,72
A02299,Integration,Competitor B,84
A02300,AI & ML,Competitor B,81
A02300,Security,Competitor B,69
A02300,Applications,Competitor A,100
A02301,Database,Competitor A,89
A02301,Analytics & Data,Competitor D,100
A02301,AI & ML,Competitor B,100
A02301,Security,Competitor C,91
A02301,Applications,Competitor A,93
A02301,Integration,Competitor B,71
A02302,Analytics & Data,Competitor C,66
A02302,AI & ML,Competitor A,81
A02303,Infrastructure,Competitor B,99
A02303,Database,Competitor B,98
A02303,Analytics & Data,Competitor D,70
A02303,AI & ML,Competitor C,99
A02303,Security,Competitor D,76
A02303,Integration,Competitor A,99
A02304,Infrastructure,Competitor C,98
A02304,Database,Competitor D,99
A02304,Analytics & Data,Competitor D,75
A02304,AI & ML,Competitor B,70
A02304,Security,Competitor C,89
A02304,Applications,Competitor B,100
A02304,Integration,Competitor B,99
A02305,Infrastructure,Competitor B,85
A02305,Database,Competitor C,99
A02305,Analytics & Data,Competitor B,97
A02305,AI & ML,Competitor A,69
A02306,Infrastructure,Competitor C,68
A02306,Database,Competitor A,97
A02306,Analytics & Data,Competitor A,62
A02306,AI & ML,Competitor C,87
A02306,Applications,Competitor D,100
A02307,Infrastructure,Competitor D,68
A02307,Database,Competitor A,93
A02307,Analytics & Data,Competitor C,88
A02307,AI & ML,Competitor B,98
A02307,Security,Competitor C,32
A02307,Integration,Competitor A,100
A02308,Infrastructure,Competitor C,76
A02308,Analytics & Data,Competitor C,48
A02308,AI & ML,Competitor B,80
A02308,Integration,Competitor C,25
A02309,AI & ML,Competitor C,92
A02309,Security,Competitor A,46
A02309,Applications,Competitor C,53
A02310,Infrastructure,Competitor D,64
A02310,Integration,Competitor C,72
A02311,Database,Competitor C,85
A02311,Integration,Competitor A,74
A02312,Database,Competitor C,47
A02312,Applications,Competitor B,61
A02314,Database,Competitor D,89
A02314,Analytics & Data,Competitor A,38
A02314,Applications,Competitor C,99
A02314,Integration,Competitor A,43
A02315,Infrastructure,Competitor C,84
A02315,Database,Competitor B,56
A02316,Database,Competitor A,86
A02316,Analytics & Data,Competitor D,80
A02316,AI & ML,Competitor C,89
A02316,Security,Competitor B,72
A02316,Integration,Competitor D,97
A02317,Infrastructure,Competitor A,98
A02317,Database,Competitor C,97
A02317,Analytics & Data,Competitor B,100
A02317,Security,Competitor D,100
A02317,Applications,Competitor C,100
A02317,Integration,Competitor D,97
A02318,Infrastructure,Competitor A,78
A02318,Database,Competitor D,52
A02318,AI & ML,Competitor D,93
A02318,Applications,Competitor B,100
A02318,Integration,Competitor D,54
A02319,Analytics & Data,Competitor D,56
A02319,Security,Competitor B,51
A02319,Integration,Competitor B,47
A02320,Infrastructure,Competitor A,80
A02320,Database,Competitor B,21
A02320,Analytics & Data,Competitor B,100
A02320,Applications,Competitor C,72
A02321,Infrastructure,Competitor A,71
A02321,Security,Competitor D,86
A02321,Applications,Competitor A,56
A02321,Integration,Competitor A,82
A02322,Infrastructure,Competitor B,17
A02322,Applications,Competitor B,57
A02323,Database,Competitor D,45
A02324,Infrastructure,Competitor C,86
A02324,AI & ML,Competitor C,44
A02324,Security,Competitor A,64
A02326,Infrastructure,Competitor B,88
A02326,Database,Competitor C,73
A02326,Analytics & Data,Competitor A,83
A02326,AI & ML,Competitor C,97
A02326,Integration,Competitor D,93
A02327,Integration,Competitor C,66
A02328,Database,Competitor D,59
A02328,Analytics & Data,Competitor C,33
A02328,Security,Competitor B,67
A02329,Infrastructure,Competitor A,69
A02329,Database,Competitor C,82
A02329,Analytics & Data,Competitor B,100
A02329,AI & ML,Competitor B,73
A02329,Security,Competitor A,82
A02330,Analytics & Data,Competitor A,97
A02330,AI & ML,Competitor A,55
A02330,Integration,Competitor A,82
A02331,Analytics & Data,Competitor D,41
A02331,Security,Competitor B,79
A02331,Integration,Competitor D,63
A02332,Infrastructure,Competitor C,79
A02332,Analytics & Data,Competitor C,43
A02332,Integration,Competitor B,37
A02333,Database,Competitor B,87
A02333,AI & ML,Competitor A,70
A02334,Database,Competitor C,23
A02334,Security,Competitor A,35
A02334,Applications,Competitor C,91
A02335,Infrastructure,Competitor C,89
A02335,AI & ML,Competitor D,73
A02335,Applications,Competitor B,67
A02335,Integration,Competitor A,74
A02336,Applications,Competitor C,82
A02337,AI & ML,Competitor C,21
A02338,Infrastructure,Competitor D,98
A02338,AI & ML,Competitor B,88
A02338,Security,Competitor D,97
A02339,Infrastructure,Competitor B,68
A02339,Analytics & Data,Competitor D,38
A02339,Applications,Competitor C,37
A02340,Applications,Competitor B,90
A02340,Integration,Competitor A,38
A02341,Database,Competitor C,84
A02341,Analytics & Data,Competitor D,75
A02341,Security,Competitor A,59
A02341,Integration,Competitor D,27
A02342,Database,Competitor A,87
A02342,Integration,Competitor D,84
A02343,Infrastructure,Competitor A,78
A02343,Database,Competitor A,50
A02343,Security,Competitor D,97
A02343,Integration,Competitor B,90
A02344,Analytics & Data,Competitor A,70
A02344,AI & ML,Competitor D,100
A02344,Security,Competitor B,69
A02344,Applications,Competitor B,75
A02344,Integration,Competitor D,76
A02345,Database,Competitor D,22
A02345,AI & ML,Competitor D,78
A02345,Security,Competitor A,61
A02345,Applications,Competitor D,69
A02346,Infrastructure,Competitor B,100
A02346,Database,Competitor D,100
A02346,Analytics & Data,Competitor D,97
A02346,AI & ML,Competitor A,97
A02346,Security,Competitor A,100
A02346,Applications,Competitor C,98
A02346,Integration,Competitor A,99
A02347,Database,Competitor D,92
A02347,Analytics & Data,Competitor C,97
A02347,AI & ML,Competitor D,71
A02347,Security,Competitor C,67
A02347,Applications,Competitor D,98
A02347,Integration,Competitor A,90
A02348,Infrastructure,Competitor C,49
A02348,Database,Competitor A,46
A02348,Analytics & Data,Competitor C,65
A02348,Applications,Competitor A,37
A02348,Integration,Competitor A,79
A02349,Database,Competitor A,100
A02349,Analytics & Data,Competitor A,97
A02349,AI & ML,Competitor C,85
A02349,Security,Competitor B,97
A02349,Integration,Competitor A,100
A02350,Database,Competitor A,51
A02350,AI & ML,Competitor B,45
A02351,Infrastructure,Competitor B,85
A02351,Database,Competitor D,53
A02351,AI & ML,Competitor A,77
A02351,Security,Competitor B,78
A02351,Integration,Competitor A,85
A02352,Infrastructure,Competitor C,74
A02352,Database,Competitor D,93
A02352,Analytics & Data,Competitor A,74
A02352,AI & ML,Competitor D,98
A02352,Security,Competitor A,79
A02352,Applications,Competitor D,88
A02352,Integration,Competitor D,98
A02353,Infrastructure,Competitor D,52
A02353,Database,Competitor A,45
A02353,Analytics & Data,Competitor B,90
A02353,AI & ML,Competitor D,87
A02353,Applications,Competitor A,23
A02353,Integration,Competitor A,76
A02354,Infrastructure,Competitor D,99
A02354,Database,Competitor A,98
A02354,Analytics & Data,Competitor C,66
A02354,AI & ML,Competitor A,86
A02354,Applications,Competitor B,88
A02354,Integration,Competitor D,97
A02355,Infrastructure,Competitor D,64
A02355,Analytics & Data,Competitor C,91
A02355,AI & ML,Competitor C,74
A02355,Applications,Competitor B,77
A02355,Integration,Competitor A,70
A02357,Infrastructure,Competitor D,100
A02357,Database,Competitor A,98
A02357,AI & ML,Competitor B,83
A02357,Security,Competitor A,100
A02357,Applications,Competitor B,97
A02357,Integration,Competitor B,73
A02358,Infrastructure,Competitor A,93
A02358,Database,Competitor A,99
A02358,Analytics & Data,Competitor D,68
A02358,Security,Competitor D,58
A02358,Applications,Competitor A,36
A02358,Integration,Competitor D,79
A02359,Infrastructure,Competitor B,69
A02359,AI & ML,Competitor A,36
A02359,Applications,Competitor D,82
A02360,Applications,Competitor B,21
A02361,Infrastructure,Competitor C,38
A02361,Analytics & Data,Competitor B,99
A02361,AI & ML,Competitor C,54
A02361,Security,Competitor A,98
A02362,Infrastructure,Competitor C,83
A02362,Database,Competitor A,100
A02362,Security,Competitor D,98
A02362,Applications,Competitor C,40
A02362,Integration,Competitor A,84
A02363,Integration,Competitor A,27
A02364,Database,Competitor A,45
A02364,Security,Competitor A,97
A02364,Applications,Competitor D,61
A02364,Integration,Competitor D,98
A02365,AI & ML,Competitor A,81
A02365,Security,Competitor D,71
A02366,Infrastructure,Competitor C,97
A02366,Database,Competitor C,99
A02366,Analytics & Data,Competitor A,100
A02366,AI & ML,Competitor A,89
A02366,Applications,Competitor D,74
A02367,Infrastructure,Competitor C,83
A02367,Database,Competitor C,58
A02367,Analytics & Data,Competitor B,35
A02367,AI & ML,Competitor A,99
A02367,Applications,Competitor B,35
A02368,Security,Competitor A,43
A02368,Applications,Competitor D,81
A02369,Infrastructure,Competitor C,98
A02369,Database,Competitor A,99
A02369,Analytics & Data,Competitor B,97
A02369,AI & ML,Competitor A,99
A02369,Security,Competitor A,97
A02369,Applications,Competitor C,99
A02369,Integration,Competitor A,100
A02370,Infrastructure,Competitor C,100
A02370,Database,Competitor A,97
A02370,Analytics & Data,Competitor C,97
A02370,AI & ML,Competitor B,99
A02370,Security,Competitor A,97
A02370,Applications,Competitor B,98
A02370,Integration,Competitor C,98
A02371,Infrastructure,Competitor C,98
A02371,Analytics & Data,Competitor D,70
A02371,AI & ML,Competitor B,86
A02371,Security,Competitor C,70
A02371,Applications,Competitor B,77
A02371,Integration,Competitor B,98
A02373,AI & ML,Competitor C,64
A02373,Integration,Competitor C,64
A02374,Analytics & Data,Competitor D,93
A02374,AI & ML,Competitor B,47
A02375,Analytics & Data,Competitor A,99
A02375,AI & ML,Competitor A,93
A02375,Security,Competitor A,100
A02375,Applications,Competitor C,98
A02375,Integration,Competitor B,71
A02376,Infrastructure,Competitor B,93
A02376,Database,Competitor C,74
A02376,Analytics & Data,Competitor C,81
A02376,AI & ML,Competitor A,73
A02376,Security,Competitor C,89
A02376,Applications,Competitor B,85
A02377,Database,Competitor D,82
A02377,Analytics & Data,Competitor D,87
A02377,AI & ML,Competitor B,100
A02378,Integration,Competitor D,44
A02379,Database,Competitor B,62
A02379,AI & ML,Competitor B,38
A02379,Applications,Competitor D,42
A02379,Integration,Competitor D,64
A02380,Infrastructure,Competitor B,97
A02380,Database,Competitor B,84
A02380,Analytics & Data,Competitor A,91
A02380,Security,Competitor D,24
A02380,Applications,Competitor B,100
A02380,Integration,Competitor D,90
A02381,Security,Competitor D,39
A02381,Applications,Competitor C,99
A02381,Integration,Competitor D,85
A02382,Database,Competitor D,90
A02382,Analytics & Data,Competitor B,50
A02382,AI & ML,Competitor D,14
A02382,Security,Competitor C,42
A02382,Applications,Competitor A,43
A02382,Integration,Competitor C,70
A02383,Analytics & Data,Competitor A,48
A02383,AI & ML,Competitor C,48
A02383,Security,Competitor B,87
A02383,Applications,Competitor C,62
A02384,AI & ML,Competitor D,11
A02384,Integration,Competitor B,58
A02385,AI & ML,Competitor C,35
A02385,Integration,Competitor D,73
A02386,Infrastructure,Competitor C,91
A02386,Database,Competitor A,97
A02386,Analytics & Data,Competitor C,88
A02386,AI & ML,Competitor D,63
A02386,Integration,Competitor C,98
A02387,Infrastructure,Competitor C,88
A02387,Database,Competitor A,69
A02387,Analytics & Data,Competitor D,40
A02387,Applications,Competitor D,91
A02388,Database,Competitor B,97
A02388,Security,Competitor C,66
A02388,Applications,Competitor A,60
A02389,Analytics & Data,Competitor D,14
A02389,Security,Competitor B,67
A02389,Applications,Competitor B,55
A02390,Database,Competitor D,99
A02390,Analytics & Data,Competitor A,100
A02390,AI & ML,Competitor D,30
A02390,Security,Competitor B,99
A02390,Applications,Competitor A,98
A02390,Integration,Competitor A,86
A02392,Infrastructure,Competitor A,69
A02392,Database,Competitor D,72
A02392,Analytics & Data,Competitor C,41
A02392,AI & ML,Competitor C,78
A02392,Security,Competitor D,77
A02392,Applications,Competitor B,98
A02393,Infrastructure,Competitor D,100
A02393,Analytics & Data,Competitor C,99
A02393,AI & ML,Competitor B,48
A02393,Security,Competitor A,85
A02394,Database,Competitor B,98
A02394,Analytics & Data,Competitor D,98
A02394,AI & ML,Competitor A,97
A02394,Security,Competitor C,100
A02394,Applications,Competitor A,98
A02395,Infrastructure,Competitor B,80
A02395,AI & ML,Competitor C,99
A02395,Applications,Competitor A,85
A02395,Integration,Competitor B,100
A02396,Database,Competitor A,99
A02396,Analytics & Data,Competitor B,100
A02396,Integration,Competitor C,35
A02397,Applications,Competitor D,38
A02398,Analytics & Data,Competitor C,44
A02399,Infrastructure,Competitor D,74
A02399,Security,Competitor C,39
A02399,Applications,Competitor C,62
A02399,Integration,Competitor A,83
A02400,Infrastructure,Competitor C,81
A02400,Analytics & Data,Competitor A,99
A02400,AI & ML,Competitor A,55
A02400,Applications,Competitor C,77
A02400,Integration,Competitor A,98
A02401,Infrastructure,Competitor B,97
A02401,Database,Competitor A,36
A02401,AI & ML,Competitor B,100
A02401,Security,Competitor A,73
A02401,Applications,Competitor A,99
A02401,Integration,Competitor C,100
A02402,Analytics & Data,Competitor A,56
A02402,AI & ML,Competitor D,83
A02402,Security,Competitor A,91
A02402,Applications,Competitor D,68
A02402,Integration,Competitor C,71
A02403,Database,Competitor C,63
A02403,Security,Competitor A,85
A02403,Applications,Competitor C,55
A02403,Integration,Competitor B,91
A02404,Infrastructure,Competitor B,97
A02404,Database,Competitor B,97
A02404,Analytics & Data,Competitor D,79
A02404,AI & ML,Competitor D,68
A02404,Applications,Competitor A,98
A02405,Infrastructure,Competitor D,97
A02405,Analytics & Data,Competitor C,100
A02405,AI & ML,Competitor D,44
A02405,Security,Competitor B,90
A02405,Applications,Competitor D,74
A02405,Integration,Competitor A,86
A02406,Infrastructure,Competitor A,85
A02406,Database,Competitor B,97
A02406,Security,Competitor A,85
A02406,Applications,Competitor A,80
A02406,Integration,Competitor C,100
A02407,Infrastructure,Competitor D,97
A02407,Analytics & Data,Competitor D,97
A02407,AI & ML,Competitor D,98
A02407,Security,Competitor C,69
A02407,Integration,Competitor B,98
A02408,Infrastructure,Competitor B,65
A02409,Infrastructure,Competitor D,100
A02409,Database,Competitor D,79
A02409,Analytics & Data,Competitor A,100
A02409,AI & ML,Competitor C,82
A02409,Security,Competitor D,91
A02409,Applications,Competitor A,99
A02409,Integration,Competitor B,66
A02410,Analytics & Data,Competitor C,80
A02410,AI & ML,Competitor A,60
A02410,Security,Competitor C,58
A02410,Applications,Competitor A,68
A02410,Integration,Competitor D,85
A02411,Infrastructure,Competitor C,53
A02411,AI & ML,Competitor D,37
A02412,Infrastructure,Competitor A,71
A02412,Database,Competitor D,84
A02412,AI & ML,Competitor C,77
A02412,Security,Competitor A,97
A02412,Integration,Competitor A,83
A02413,Infrastructure,Competitor C,57
A02413,AI & ML,Competitor B,63
A02413,Applications,Competitor B,98
A02413,Integration,Competitor D,73
A02414,Infrastructure,Competitor D,69
A02414,Database,Competitor A,53
A02414,Security,Competitor B,74
A02414,Applications,Competitor B,61
A02414,Integration,Competitor B,98
A02415,Infrastructure,Competitor D,81
A02415,Analytics & Data,Competitor C,78
A02415,AI & ML,Competitor C,75
A02415,Security,Competitor D,73
A02415,Applications,Competitor D,76
A02415,Integration,Competitor A,100
A02416,Infrastructure,Competitor C,84
A02416,Database,Competitor D,75
A02416,Security,Competitor D,35
A02416,Applications,Competitor C,76
A02416,Integration,Competitor B,82
A02417,Database,Competitor A,100
A02417,Analytics & Data,Competitor B,98
A02417,AI & ML,Competitor A,99
A02417,Applications,Competitor C,89
A02417,Integration,Competitor B,97
A02418,Infrastructure,Competitor D,90
A02418,Database,Competitor A,52
A02418,Analytics & Data,Competitor D,100
A02418,Security,Competitor B,76
A02418,Integration,Competitor B,99
A02419,Infrastructure,Competitor B,97
A02419,Database,Competitor D,79
A02419,AI & ML,Competitor B,75
A02419,Security,Competitor C,49
A02419,Integration,Competitor A,73
A02420,Infrastructure,Competitor C,70
A02420,Security,Competitor A,63
A02420,Integration,Competitor A,97
A02421,Infrastructure,Competitor A,77
A02421,Security,Competitor B,51
A02422,Infrastructure,Competitor D,98
A02422,Analytics & Data,Competitor C,98
A02422,Security,Competitor D,98
A02422,Applications,Competitor A,97
A02422,Integration,Competitor B,100
A02423,Infrastructure,Competitor B,98
A02423,Database,Competitor B,98
A02423,Analytics & Data,Competitor B,97
A02423,AI & ML,Competitor D,89
A02423,Applications,Competitor D,90
A02423,Integration,Competitor B,100
A02424,Infrastructure,Competitor C,57
A02424,Database,Competitor C,98
A02424,Analytics & Data,Competitor B,37
A02425,Infrastructure,Competitor C,82
A02425,Analytics & Data,Competitor B,48
A02425,AI & ML,Competitor A,84
A02425,Applications,Competitor B,76
A02425,Integration,Competitor B,79
A02426,Database,Competitor D,35
A02427,Infrastructure,Competitor B,87
A02427,Database,Competitor A,100
A02427,Analytics & Data,Competitor A,90
A02427,Security,Competitor C,92
A02427,Integration,Competitor A,87
A02428,Infrastructure,Competitor C,82
A02428,Database,Competitor A,88
A02428,Analytics & Data,Competitor C,64
A02428,AI & ML,Competitor A,82
A02428,Security,Competitor D,99
A02428,Applications,Competitor B,97
A02428,Integration,Competitor B,99
A02429,Infrastructure,Competitor C,81
A02429,Database,Competitor D,100
A02429,Analytics & Data,Competitor C,74
A02429,Applications,Competitor C,69
A02430,Infrastructure,Competitor B,88
A02430,Database,Competitor B,75
A02430,Analytics & Data,Competitor D,99
A02430,AI & ML,Competitor A,81
A02430,Applications,Competitor C,92
A02430,Integration,Competitor B,98
A02431,Infrastructure,Competitor C,72
A02431,Database,Competitor B,98
A02431,Analytics & Data,Competitor C,97
A02431,AI & ML,Competitor C,79
A02431,Applications,Competitor A,76
A02431,Integration,Competitor C,98
A02432,Infrastructure,Competitor B,88
A02432,Database,Competitor C,81
A02432,AI & ML,Competitor C,87
A02432,Security,Competitor A,84
A02432,Applications,Competitor D,68
A02432,Integration,Competitor C,80
A02433,Infrastructure,Competitor C,84
A02433,Database,Competitor D,84
A02433,Analytics & Data,Competitor C,100
A02433,AI & ML,Competitor B,91
A02433,Security,Competitor D,81
A02433,Integration,Competitor B,73
A02434,AI & ML,Competitor A,42
A02435,Database,Competitor B,22
A02435,Analytics & Data,Competitor A,74
A02435,Applications,Competitor B,52
A02435,Integration,Competitor C,71
A02436,Infrastructure,Competitor D,100
A02436,Database,Competitor D,98
A02436,Analytics & Data,Competitor D,80
A02436,AI & ML,Competitor B,72
A02436,Security,Competitor D,99
A02436,Applications,Competitor D,16
A02436,Integration,Competitor B,98
A02437,Database,Competitor C,15
A02437,Applications,Competitor C,23
A02437,Integration,Competitor D,58
A02438,Infrastructure,Competitor A,97
A02438,Database,Competitor B,98
A02438,AI & ML,Competitor D,98
A02438,Security,Competitor B,73
A02438,Applications,Competitor A,100
A02438,Integration,Competitor D,97
A02439,Infrastructure,Competitor D,52
A02439,Database,Competitor B,89
A02439,Analytics & Data,Competitor D,57
A02439,Integration,Competitor D,86
A02440,Security,Competitor D,33
A02440,Integration,Competitor A,72
A02441,Infrastructure,Competitor D,78
A02441,Database,Competitor D,84
A02441,Analytics & Data,Competitor A,97
A02441,AI & ML,Competitor B,75
A02441,Security,Competitor D,74
A02441,Integration,Competitor D,93
A02442,Analytics & Data,Competitor A,90
A02442,AI & ML,Competitor C,55
A02443,Infrastructure,Competitor D,97
A02443,Database,Competitor B,83
A02443,Analytics & Data,Competitor D,88
A02443,AI & ML,Competitor D,36
A02443,Security,Competitor C,46
A02443,Integration,Competitor C,99
A02444,Infrastructure,Competitor B,61
A02444,Analytics & Data,Competitor B,43
A02444,Security,Competitor C,72
A02444,Integration,Competitor C,61
A02445,Database,Competitor B,80
A02445,AI & ML,Competitor D,79
A02445,Integration,Competitor A,75
A02446,Database,Competitor C,80
A02446,Analytics & Data,Competitor A,48
A02446,AI & ML,Competitor B,97
A02446,Security,Competitor C,73
A02446,Applications,Competitor C,73
A02446,Integration,Competitor C,99
A02447,Analytics & Data,Competitor A,77
A02447,AI & ML,Competitor A,62
A02447,Applications,Competitor C,91
A02448,Infrastructure,Competitor C,82
A02448,Analytics & Data,Competitor D,100
A02448,AI & ML,Competitor B,92
A02448,Integration,Competitor A,90
A02449,Infrastructure,Competitor B,98
A02449,Database,Competitor C,63
A02449,Analytics & Data,Competitor A,97
A02449,AI & ML,Competitor A,93
A02449,Applications,Competitor B,42
A02449,Integration,Competitor D,99
A02450,Database,Competitor A,22
A02450,AI & ML,Competitor A,35
A02451,Infrastructure,Competitor B,75
A02451,AI & ML,Competitor A,72
A02451,Security,Competitor A,71
A02451,Applications,Competitor C,82
A02451,Integration,Competitor C,82
A02452,Database,Competitor B,80
A02452,Analytics & Data,Competitor C,84
A02452,AI & ML,Competitor D,61
A02452,Security,Competitor D,35
A02453,Infrastructure,Competitor A,43
A02453,Database,Competitor B,75
A02453,AI & ML,Competitor D,57
A02453,Security,Competitor B,97
A02453,Applications,Competitor C,48
A02453,Integration,Competitor C,70
A02454,Database,Competitor C,28
A02454,Analytics & Data,Competitor D,77
A02454,Applications,Competitor D,88
A02455,Infrastructure,Competitor D,25
A02455,Database,Competitor B,70
A02455,AI & ML,Competitor B,51
A02455,Security,Competitor A,69
A02456,Infrastructure,Competitor D,100
A02456,Database,Competitor D,79
A02456,AI & ML,Competitor C,55
A02456,Security,Competitor B,72
A02456,Applications,Competitor A,85
A02456,Integration,Competitor B,88
A02457,Infrastructure,Competitor A,35
A02457,Integration,Competitor B,40
A02458,Infrastructure,Competitor D,37
A02458,Database,Competitor C,97
A02458,Analytics & Data,Competitor A,98
A02458,Security,Competitor C,98
A02458,Applications,Competitor D,77
A02459,Database,Competitor D,83
A02459,AI & ML,Competitor C,37
A02459,Applications,Competitor D,73
A02460,Infrastructure,Competitor A,39
A02460,Database,Competitor D,58
A02460,Analytics & Data,Competitor C,93
A02460,Applications,Competitor C,100
A02461,Infrastructure,Competitor B,97
A02461,Database,Competitor A,97
A02461,Analytics & Data,Competitor C,100
A02461,AI & ML,Competitor C,98
A02461,Applications,Competitor B,98
A02461,Integration,Competitor B,77
A02462,Analytics & Data,Competitor B,55
A02462,Security,Competitor D,71
A02462,Applications,Competitor A,65
A02462,Integration,Competitor A,71
A02463,Infrastructure,Competitor C,51
A02463,Database,Competitor B,93
A02463,Applications,Competitor B,39
A02464,Infrastructure,Competitor B,84
A02464,Database,Competitor A,79
A02464,AI & ML,Competitor D,82
A02464,Security,Competitor D,70
A02464,Applications,Competitor C,97
A02464,Integration,Competitor A,83
A02465,Infrastructure,Competitor B,73
A02465,AI & ML,Competitor D,97
A02465,Security,Competitor D,81
A02465,Applications,Competitor A,75
A02465,Integration,Competitor C,83
A02466,Database,Competitor C,98
A02466,AI & ML,Competitor A,100
A02466,Security,Competitor A,69
A02466,Applications,Competitor C,50
A02466,Integration,Competitor B,14
A02467,Infrastructure,Competitor C,68
A02467,Database,Competitor B,92
A02467,AI & ML,Competitor B,89
A02467,Security,Competitor B,70
A02467,Applications,Competitor D,47
A02468,Analytics & Data,Competitor B,37
A02469,Infrastructure,Competitor D,100
A02469,Analytics & Data,Competitor B,99
A02469,Security,Competitor B,100
A02469,Applications,Competitor B,97
A02469,Integration,Competitor D,71
A02470,Database,Competitor A,81
A02470,AI & ML,Competitor A,88
A02471,Infrastructure,Competitor B,29
A02471,Security,Competitor D,74
A02471,Integration,Competitor C,74
A02472,Infrastructure,Competitor B,100
A02472,Database,Competitor C,98
A02472,Analytics & Data,Competitor D,98
A02472,AI & ML,Competitor B,100
A02472,Security,Competitor D,100
A02472,Applications,Competitor A,99
A02472,Integration,Competitor B,99
A02473,Infrastructure,Competitor D,57
A02473,Database,Competitor A,97
A02473,AI & ML,Competitor B,97
A02473,Security,Competitor A,71
A02473,Applications,Competitor A,97
A02474,AI & ML,Competitor C,87
A02475,Infrastructure,Competitor C,97
A02475,Database,Competitor C,97
A02475,Analytics & Data,Competitor A,99
A02475,AI & ML,Competitor C,99
A02475,Security,Competitor C,97
A02475,Integration,Competitor D,97
A02476,Infrastructure,Competitor B,67
A02476,Integration,Competitor A,27
A02477,Infrastructure,Competitor C,44
A02477,Database,Competitor D,74
A02477,AI & ML,Competitor C,99
A02477,Applications,Competitor A,79
A02477,Integration,Competitor A,67
A02478,Infrastructure,Competitor B,82
A02478,Database,Competitor C,97
A02478,Analytics & Data,Competitor D,91
A02478,AI & ML,Competitor C,78
A02478,Security,Competitor A,68
A02478,Applications,Competitor A,80
A02478,Integration,Competitor A,99
A02479,Infrastructure,Competitor A,97
A02479,Database,Competitor B,97
A02479,Analytics & Data,Competitor A,81
A02479,AI & ML,Competitor C,88
A02479,Security,Competitor D,62
A02479,Applications,Competitor D,100
A02479,Integration,Competitor D,97
A02480,Security,Competitor B,18
A02480,Integration,Competitor D,23
A02481,Analytics & Data,Competitor C,98
A02481,AI & ML,Competitor C,100
A02481,Security,Competitor A,93
A02481,Integration,Competitor B,97
A02482,Infrastructure,Competitor A,38
A02482,Security,Competitor D,38
A02482,Applications,Competitor D,66
A02482,Integration,Competitor B,58
A02483,Analytics & Data,Competitor D,54
A02483,AI & ML,Competitor B,68
A02483,Security,Competitor B,39
A02484,Infrastructure,Competitor D,53
A02484,AI & ML,Competitor D,71
A02484,Integration,Competitor B,74
A02485,Analytics & Data,Competitor D,77
A02485,Security,Competitor D,81
A02485,Integration,Competitor B,89
A02486,Infrastructure,Competitor B,77
A02486,Analytics & Data,Competitor C,80
A02486,Security,Competitor D,50
A02486,Applications,Competitor A,86
A02486,Integration,Competitor A,36
A02487,Infrastructure,Competitor D,99
A02487,Database,Competitor A,100
A02487,Analytics & Data,Competitor A,100
A02487,Security,Competitor D,81
A02487,Applications,Competitor C,88
A02488,Infrastructure,Competitor D,98
A02488,Database,Competitor D,73
A02488,AI & ML,Competitor B,100
A02488,Security,Competitor B,99
A02488,Applications,Competitor D,77
A02488,Integration,Competitor D,99
A02490,Infrastructure,Competitor D,80
A02490,Database,Competitor B,62
A02490,AI & ML,Competitor C,78
A02490,Security,Competitor A,52
A02490,Applications,Competitor B,80
A02490,Integration,Competitor A,79
A02491,Infrastructure,Competitor D,100
A02491,Analytics & Data,Competitor D,98
A02491,AI & ML,Competitor B,100
A02492,Infrastructure,Competitor B,82
A02492,Database,Competitor D,90
A02492,AI & ML,Competitor C,70
A02492,Security,Competitor A,86
A02492,Applications,Competitor A,71
A02493,Security,Competitor D,37
A02494,Infrastructure,Competitor A,76
A02494,Database,Competitor C,58
A02494,Analytics & Data,Competitor B,49
A02494,Security,Competitor D,65
A02494,Integration,Competitor D,80
A02495,Applications,Competitor C,39
A02495,Integration,Competitor A,57
A02497,AI & ML,Competitor B,62
A02497,Security,Competitor A,36
A02497,Applications,Competitor B,62
A02498,Analytics & Data,Competitor B,38
A02498,Integration,Competitor A,84
A02499,Database,Competitor A,84
A02499,Security,Competitor B,35
A02500,Applications,Competitor B,77
A02500,Integration,Competitor A,57
A02501,Database,Competitor A,99
A02501,Analytics & Data,Competitor D,99
A02501,AI & ML,Competitor B,100
A02501,Security,Competitor A,39
A02501,Integration,Competitor B,93
A02502,Infrastructure,Competitor B,29
A02502,AI & ML,Competitor A,53
A02503,Infrastructure,Competitor B,73
A02503,Analytics & Data,Competitor D,99
A02503,AI & ML,Competitor D,92
A02503,Applications,Competitor D,81
A02503,Integration,Competitor A,75
A02504,Infrastructure,Competitor B,73
A02504,Database,Competitor C,82
A02504,Analytics & Data,Competitor C,71
A02504,Security,Competitor B,84
A02504,Integration,Competitor C,97
A02505,Database,Competitor D,81
A02505,Analytics & Data,Competitor D,41
A02505,AI & ML,Competitor A,66
A02505,Security,Competitor A,87
A02505,Applications,Competitor B,65
A02505,Integration,Competitor D,38
A02506,Analytics & Data,Competitor C,56
A02506,AI & ML,Competitor D,68
A02506,Applications,Competitor B,46
A02507,Infrastructure,Competitor A,66
A02507,Database,Competitor A,87
A02507,Analytics & Data,Competitor C,88
A02507,Applications,Competitor B,56
A02508,Infrastructure,Competitor A,50
A02509,Infrastructure,Competitor A,91
A02509,Database,Competitor A,93
A02509,Analytics & Data,Competitor A,87
A02509,AI & ML,Competitor A,84
A02509,Security,Competitor D,100
A02509,Applications,Competitor A,79
A02509,Integration,Competitor C,75
A02510,Analytics & Data,Competitor B,53
A02510,AI & ML,Competitor C,66
A02510,Security,Competitor B,82
A02510,Applications,Competitor A,91
A02510,Integration,Competitor B,56
A02511,Database,Competitor C,68
A02511,Analytics & Data,Competitor A,89
A02511,Security,Competitor C,69
A02511,Applications,Competitor B,72
A02512,Infrastructure,Competitor B,100
A02512,Database,Competitor B,67
A02513,Infrastructure,Competitor B,98
A02513,Database,Competitor A,99
A02513,Analytics & Data,Competitor B,74
A02513,AI & ML,Competitor C,97
A02513,Security,Competitor C,76
A02513,Integration,Competitor A,71
A02514,Infrastructure,Competitor B,100
A02514,Database,Competitor D,97
A02514,Analytics & Data,Competitor D,98
A02514,Applications,Competitor A,100
A02514,Integration,Competitor A,97
A02515,Database,Competitor D,97
A02515,Analytics & Data,Competitor C,98
A02515,AI & ML,Competitor C,91
A02515,Security,Competitor C,75
A02515,Applications,Competitor C,93
A02515,Integration,Competitor D,49
A02516,Database,Competitor C,48
A02516,Analytics & Data,Competitor D,93
A02516,AI & ML,Competitor D,84
A02516,Security,Competitor A,98
A02516,Integration,Competitor C,93
A02517,Infrastructure,Competitor C,97
A02517,Database,Competitor A,98
A02517,Analytics & Data,Competitor C,87
A02517,AI & ML,Competitor B,99
A02517,Applications,Competitor B,98
A02517,Integration,Competitor D,97
A02518,Infrastructure,Competitor B,100
A02518,Database,Competitor C,68
A02518,Analytics & Data,Competitor C,79
A02518,AI & ML,Competitor D,73
A02518,Applications,Competitor A,100
A02519,Database,Competitor D,40
A02519,AI & ML,Competitor D,81
A02520,Infrastructure,Competitor C,53
A02520,Database,Competitor B,67
A02520,Analytics & Data,Competitor B,85
A02520,AI & ML,Competitor D,63
A02520,Integration,Competitor A,78
A02521,Database,Competitor B,50
A02521,Analytics & Data,Competitor C,89
A02521,Security,Competitor B,90
A02521,Applications,Competitor B,77
A02522,Database,Competitor A,52
A02522,AI & ML,Competitor C,81
A02522,Security,Competitor B,54
A02522,Applications,Competitor A,99
A02522,Integration,Competitor B,75
A02523,Database,Competitor B,72
A02523,Analytics & Data,Competitor B,75
A02523,AI & ML,Competitor C,89
A02523,Security,Competitor C,43
A02523,Applications,Competitor B,39
A02524,Database,Competitor D,63
A02525,Database,Competitor C,98
A02525,AI & ML,Competitor D,91
A02525,Security,Competitor D,97
A02525,Applications,Competitor C,86
A02525,Integration,Competitor A,80
A02526,Infrastructure,Competitor A,84
A02526,Analytics & Data,Competitor D,73
A02526,Applications,Competitor D,83
A02526,Integration,Competitor A,89
A02527,Infrastructure,Competitor C,30
A02527,Analytics & Data,Competitor B,93
A02527,AI & ML,Competitor B,55
A02527,Security,Competitor D,86
A02527,Integration,Competitor A,65
A02528,Infrastructure,Competitor D,99
A02528,Database,Competitor D,60
A02528,Analytics & Data,Competitor D,98
A02528,AI & ML,Competitor D,48
A02528,Security,Competitor D,48
A02528,Applications,Competitor C,69
A02528,Integration,Competitor D,98
A02529,Database,Competitor B,73
A02529,Analytics & Data,Competitor A,54
A02529,AI & ML,Competitor D,37
A02530,Database,Competitor A,54
A02530,Analytics & Data,Competitor D,73
A02530,AI & ML,Competitor A,76
A02530,Applications,Competitor D,60
A02531,Infrastructure,Competitor B,100
A02531,Database,Competitor B,97
A02531,Analytics & Data,Competitor B,99
A02531,AI & ML,Competitor A,92
A02531,Security,Competitor B,100
A02531,Applications,Competitor D,99
A02531,Integration,Competitor A,99
A02532,Infrastructure,Competitor A,14
A02532,Database,Competitor C,86
A02532,AI & ML,Competitor D,90
A02532,Security,Competitor B,72
A02532,Applications,Competitor C,81
A02532,Integration,Competitor C,100
A02533,AI & ML,Competitor D,60
A02534,Database,Competitor C,77
A02534,Analytics & Data,Competitor A,91
A02534,Security,Competitor B,72
A02534,Applications,Competitor B,80
A02535,Infrastructure,Competitor D,86
A02535,Analytics & Data,Competitor C,82
A02535,Applications,Competitor A,74
A02536,Integration,Competitor A,70
A02537,Infrastructure,Competitor C,99
A02537,Database,Competitor A,89
A02537,Analytics & Data,Competitor C,97
A02537,AI & ML,Competitor A,52
A02537,Applications,Competitor D,53
A02537,Integration,Competitor B,39
A02538,Analytics & Data,Competitor A,58
A02538,AI & ML,Competitor B,72
A02538,Security,Competitor A,86
A02538,Applications,Competitor D,73
A02538,Integration,Competitor A,100
A02539,Database,Competitor B,87
A02539,AI & ML,Competitor D,98
A02539,Security,Competitor A,79
A02539,Applications,Competitor B,97
A02539,Integration,Competitor B,88
A02540,Database,Competitor D,38
A02540,Analytics & Data,Competitor D,36
A02540,AI & ML,Competitor D,55
A02541,Database,Competitor D,36
A02541,Security,Competitor C,40
A02541,Integration,Competitor B,88
A02542,Infrastructure,Competitor A,97
A02542,Analytics & Data,Competitor A,73
A02542,AI & ML,Competitor D,91
A02542,Security,Competitor C,78
A02542,Applications,Competitor B,85
A02542,Integration,Competitor A,83
A02543,Database,Competitor C,85
A02543,Analytics & Data,Competitor D,48
A02543,Security,Competitor D,49
A02543,Integration,Competitor A,85
A02544,Database,Competitor B,85
A02544,Analytics & Data,Competitor C,70
A02544,AI & ML,Competitor D,73
A02544,Security,Competitor D,70
A02544,Integration,Competitor B,68
A02545,Database,Competitor C,99
A02545,Analytics & Data,Competitor D,80
A02545,Security,Competitor B,84
A02545,Applications,Competitor C,99
A02545,Integration,Competitor A,97
A02546,Analytics & Data,Competitor D,87
A02546,Security,Competitor C,54
A02546,Applications,Competitor B,82
A02547,Infrastructure,Competitor B,99
A02547,Analytics & Data,Competitor B,97
A02547,AI & ML,Competitor A,99
A02547,Security,Competitor C,63
A02547,Applications,Competitor C,21
A02547,Integration,Competitor D,100
A02548,Infrastructure,Competitor B,36
A02548,AI & ML,Competitor A,60
A02548,Security,Competitor D,36
A02549,Database,Competitor C,36
A02549,Analytics & Data,Competitor A,92
A02549,Security,Competitor D,81
A02549,Applications,Competitor B,69
A02549,Integration,Competitor C,75
A02550,Database,Competitor C,79
A02550,Security,Competitor B,86
A02550,Applications,Competitor B,97
A02550,Integration,Competitor A,100
A02551,Infrastructure,Competitor D,61
A02551,Applications,Competitor C,33
A02551,Integration,Competitor C,90
A02552,Infrastructure,Competitor A,92
A02552,Database,Competitor C,99
A02552,Analytics & Data,Competitor A,99
A02552,AI & ML,Competitor B,85
A02552,Security,Competitor D,70
A02552,Applications,Competitor D,87
A02552,Integration,Competitor A,56
A02553,Infrastructure,Competitor B,97
A02553,Database,Competitor B,89
A02553,AI & ML,Competitor D,75
A02553,Security,Competitor B,84
A02553,Integration,Competitor B,86
A02554,Infrastructure,Competitor A,21
A02554,AI & ML,Competitor C,11
A02554,Applications,Competitor B,39
A02555,Database,Competitor A,76
A02555,Analytics & Data,Competitor D,54
A02555,Security,Competitor C,90
A02555,Applications,Competitor A,71
A02555,Integration,Competitor B,50
A02556,Infrastructure,Competitor C,80
A02556,Database,Competitor A,99
A02556,Analytics & Data,Competitor C,68
A02556,AI & ML,Competitor A,99
A02556,Security,Competitor D,88
A02556,Integration,Competitor A,98
A02557,Infrastructure,Competitor C,37
A02557,Security,Competitor D,86
A02558,Infrastructure,Competitor B,99
A02558,Database,Competitor B,99
A02558,Analytics & Data,Competitor D,97
A02558,AI & ML,Competitor D,98
A02558,Security,Competitor B,98
A02558,Applications,Competitor C,97
A02558,Integration,Competitor A,97
A02559,Infrastructure,Competitor D,100
A02559,Database,Competitor C,90
A02559,AI & ML,Competitor C,100
A02559,Security,Competitor A,99
A02559,Integration,Competitor A,84
A02560,Infrastructure,Competitor C,100
A02560,Integration,Competitor D,62
A02561,Infrastructure,Competitor C,68
A02561,Database,Competitor A,69
A02561,Analytics & Data,Competitor B,69
A02561,AI & ML,Competitor B,97
A02561,Applications,Competitor C,97
A02561,Integration,Competitor A,85
A02562,Database,Competitor D,57
A02562,Applications,Competitor D,77
A02562,Integration,Competitor B,58
A02563,Database,Competitor B,84
A02563,AI & ML,Competitor B,100
A02563,Security,Competitor B,97
A02563,Applications,Competitor A,99
A02563,Integration,Competitor C,97
A02564,Infrastructure,Competitor B,99
A02564,Database,Competitor D,86
A02564,Analytics & Data,Competitor D,100
A02564,AI & ML,Competitor B,76
A02564,Security,Competitor B,76
A02564,Applications,Competitor D,78
A02565,Infrastructure,Competitor C,72
A02565,Database,Competitor A,92
A02565,Analytics & Data,Competitor D,87
A02565,AI & ML,Competitor C,92
A02565,Security,Competitor A,98
A02565,Applications,Competitor A,69
A02565,Integration,Competitor D,85
A02566,Infrastructure,Competitor A,88
A02566,Database,Competitor A,99
A02566,AI & ML,Competitor B,41
A02566,Applications,Competitor A,90
A02566,Integration,Competitor D,82
A02567,Analytics & Data,Competitor A,81
A02567,AI & ML,Competitor C,98
A02567,Security,Competitor C,74
A02568,Infrastructure,Competitor B,47
A02568,AI & ML,Competitor C,42
A02568,Security,Competitor D,89
A02569,Database,Competitor B,36
A02569,Security,Competitor D,69
A02569,Applications,Competitor D,66
A02570,Applications,Competitor D,43
A02571,Infrastructure,Competitor D,85
A02571,Database,Competitor C,86
A02571,AI & ML,Competitor D,69
A02571,Security,Competitor A,82
A02571,Integration,Competitor D,99
A02572,Infrastructure,Competitor A,75
A02572,Database,Competitor D,63
A02572,AI & ML,Competitor C,56
A02572,Security,Competitor D,61
A02572,Applications,Competitor D,72
A02573,Database,Competitor B,100
A02573,Analytics & Data,Competitor D,98
A02573,Security,Competitor B,88
A02573,Applications,Competitor B,85
A02573,Integration,Competitor B,98
A02575,Infrastructure,Competitor B,80
A02575,Database,Competitor A,79
A02575,Analytics & Data,Competitor C,59
A02575,AI & ML,Competitor D,89
A02575,Applications,Competitor B,56
A02576,Database,Competitor A,24
A02576,AI & ML,Competitor A,81
A02576,Security,Competitor C,63
A02576,Applications,Competitor C,97
A02576,Integration,Competitor B,40
A02577,Infrastructure,Competitor B,70
A02577,Database,Competitor A,100
A02577,AI & ML,Competitor D,91
A02577,Security,Competitor B,92
A02577,Integration,Competitor A,71
A02578,Analytics & Data,Competitor B,55
A02579,Infrastructure,Competitor C,81
A02579,Database,Competitor A,45
A02579,Security,Competitor D,39
A02579,Applications,Competitor D,56
A02580,Infrastructure,Competitor C,98
A02580,Database,Competitor D,92
A02580,Analytics & Data,Competitor B,80
A02580,Applications,Competitor B,99
A02580,Integration,Competitor C,99
A02581,Infrastructure,Competitor D,99
A02581,Database,Competitor D,68
A02581,Analytics & Data,Competitor A,87
A02581,Security,Competitor B,61
A02581,Applications,Competitor A,100
A02581,Integration,Competitor B,81
A02582,Infrastructure,Competitor D,76
A02582,Analytics & Data,Competitor C,53
A02583,Infrastructure,Competitor D,73
A02583,AI & ML,Competitor C,19
A02583,Applications,Competitor A,50
A02584,Infrastructure,Competitor A,81
A02584,Database,Competitor D,92
A02584,Analytics & Data,Competitor C,78
A02584,AI & ML,Competitor D,63
A02584,Security,Competitor A,72
A02584,Integration,Competitor A,75
A02585,Infrastructure,Competitor A,80
A02585,Database,Competitor D,80
A02585,Analytics & Data,Competitor B,97
A02585,AI & ML,Competitor D,97
A02585,Applications,Competitor C,89
A02585,Integration,Competitor C,99
A02586,Infrastructure,Competitor C,78
A02586,Database,Competitor D,88
A02586,Integration,Competitor A,30
A02587,Database,Competitor D,99
A02587,Analytics & Data,Competitor C,98
A02587,AI & ML,Competitor A,100
A02587,Security,Competitor C,99
A02587,Applications,Competitor D,98
A02587,Integration,Competitor C,78
A02588,Infrastructure,Competitor D,78
A02588,Database,Competitor D,43
A02588,Security,Competitor D,89
A02588,Applications,Competitor D,73
A02589,Applications,Competitor D,53
A02590,Analytics & Data,Competitor A,46
A02590,AI & ML,Competitor D,61
A02590,Security,Competitor B,47
A02590,Integration,Competitor B,66
A02591,Infrastructure,Competitor D,44
A02591,Security,Competitor C,98
A02592,Infrastructure,Competitor D,45
A02592,Database,Competitor B,30
A02592,AI & ML,Competitor D,65
A02592,Applications,Competitor D,46
A02594,Infrastructure,Competitor A,93
A02594,Integration,Competitor C,39
A02595,Analytics & Data,Competitor B,50
A02595,AI & ML,Competitor A,92
A02595,Security,Competitor B,71
A02595,Applications,Competitor B,93
A02596,Analytics & Data,Competitor D,92
A02596,Security,Competitor B,85
A02596,Applications,Competitor C,45
A02597,Security,Competitor A,52
A02598,Infrastructure,Competitor D,47
A02598,Database,Competitor D,51
A02598,Analytics & Data,Competitor A,51
A02598,AI & ML,Competitor C,79
A02598,Security,Competitor D,36
A02598,Applications,Competitor A,89
A02599,Infrastructure,Competitor C,78
A02599,Analytics & Data,Competitor A,42
A02599,AI & ML,Competitor B,93
A02599,Integration,Competitor A,11
A02600,Infrastructure,Competitor C,87
A02600,Database,Competitor B,89
A02600,AI & ML,Competitor C,97
A02600,Applications,Competitor C,69
A02601,Analytics & Data,Competitor A,64
A02602,Analytics & Data,Competitor D,69
A02602,AI & ML,Competitor D,99
A02602,Security,Competitor B,99
A02602,Applications,Competitor C,97
A02602,Integration,Competitor D,100
A02603,Analytics & Data,Competitor C,66
A02603,AI & ML,Competitor C,46
A02603,Integration,Competitor A,54
A02604,Infrastructure,Competitor D,46
A02604,Database,Competitor A,100
A02604,Analytics & Data,Competitor A,80
A02604,Security,Competitor A,40
A02604,Applications,Competitor C,69
A02604,Integration,Competitor C,81
A02605,Infrastructure,Competitor C,99
A02605,Analytics & Data,Competitor A,70
A02606,Infrastructure,Competitor A,98
A02606,Analytics & Data,Competitor B,80
A02606,Security,Competitor A,81
A02606,Integration,Competitor A,97
A02607,Security,Competitor A,18
A02608,Infrastructure,Competitor C,77
A02608,Database,Competitor C,28
A02608,Security,Competitor A,53
A02608,Integration,Competitor D,56
A02609,Infrastructure,Competitor C,98
A02609,Database,Competitor C,97
A02609,Analytics & Data,Competitor B,97
A02609,AI & ML,Competitor B,100
A02609,Integration,Competitor A,97
A02610,Infrastructure,Competitor B,99
A02610,Database,Competitor C,60
A02610,Analytics & Data,Competitor A,53
A02610,Security,Competitor D,85
A02610,Applications,Competitor C,73
A02610,Integration,Competitor B,97
A02611,Infrastructure,Competitor B,73
A02611,Database,Competitor D,98
A02611,Analytics & Data,Competitor D,82
A02611,AI & ML,Competitor B,99
A02611,Security,Competitor B,86
A02611,Applications,Competitor C,97
A02611,Integration,Competitor C,98
A02612,Infrastructure,Competitor D,98
A02612,AI & ML,Competitor D,90
A02612,Security,Competitor D,77
A02612,Applications,Competitor B,98
A02612,Integration,Competitor C,79
A02613,Infrastructure,Competitor C,48
A02613,Database,Competitor C,97
A02613,AI & ML,Competitor D,98
A02613,Security,Competitor A,100
A02613,Applications,Competitor D,93
A02613,Integration,Competitor B,98
A02614,Infrastructure,Competitor A,37
A02614,Database,Competitor B,68
A02614,Security,Competitor C,89
A02614,Applications,Competitor A,97
A02614,Integration,Competitor C,72
A02615,Infrastructure,Competitor A,91
A02615,Database,Competitor C,72
A02615,AI & ML,Competitor C,83
A02615,Security,Competitor A,66
A02615,Applications,Competitor C,45
A02616,Infrastructure,Competitor D,28
A02616,AI & ML,Competitor D,83
A02616,Security,Competitor C,36
A02616,Applications,Competitor B,35
A02616,Integration,Competitor A,72
A02617,Infrastructure,Competitor B,21
A02617,AI & ML,Competitor D,40
A02617,Applications,Competitor C,35
A02618,Infrastructure,Competitor A,72
A02619,Database,Competitor C,47
A02619,Analytics & Data,Competitor C,59
A02619,Integration,Competitor D,73
A02620,Security,Competitor C,76
A02621,AI & ML,Competitor B,42
A02622,Integration,Competitor A,38
A02623,Infrastructure,Competitor D,82
A02623,Analytics & Data,Competitor C,100
A02623,Security,Competitor C,69
A02623,Applications,Competitor A,97
A02623,Integration,Competitor C,84
A02624,Infrastructure,Competitor C,98
A02624,Database,Competitor C,46
A02624,Analytics & Data,Competitor C,100
A02624,Security,Competitor A,89
A02624,Applications,Competitor B,86
A02625,Applications,Competitor B,35
A02626,Infrastructure,Competitor C,63
A02626,Database,Competitor C,83
A02626,Security,Competitor D,84
A02626,Integration,Competitor C,72
A02627,Database,Competitor D,76
A02627,Analytics & Data,Competitor C,42
A02627,AI & ML,Competitor B,88
A02627,Security,Competitor B,93
A02627,Integration,Competitor A,98
A02628,Database,Competitor C,83
A02628,Analytics & Data,Competitor A,76
A02628,Security,Competitor A,73
A02628,Applications,Competitor D,70
A02628,Integration,Competitor B,99
A02629,Infrastructure,Competitor C,97
A02629,Database,Competitor C,97
A02629,Analytics & Data,Competitor A,40
A02629,AI & ML,Competitor A,82
A02629,Applications,Competitor C,99
A02629,Integration,Competitor C,97
A02630,Infrastructure,Competitor D,86
A02630,Database,Competitor C,64
A02630,Analytics & Data,Competitor A,90
A02630,AI & ML,Competitor D,97
A02630,Security,Competitor A,98
A02630,Applications,Competitor B,68
A02630,Integration,Competitor D,76
A02631,Infrastructure,Competitor C,52
A02631,Database,Competitor B,73
A02631,AI & ML,Competitor B,98
A02631,Applications,Competitor A,59
A02631,Integration,Competitor B,100
A02632,Infrastructure,Competitor A,86
A02632,Analytics & Data,Competitor A,100
A02632,AI & ML,Competitor A,86
A02632,Applications,Competitor D,71
A02632,Integration,Competitor D,85
A02633,Infrastructure,Competitor A,73
A02633,Database,Competitor B,98
A02633,Analytics & Data,Competitor D,85
A02633,AI & ML,Competitor C,100
A02633,Applications,Competitor C,70
A02633,Integration,Competitor A,88
A02634,Database,Competitor B,78
A02634,AI & ML,Competitor D,50
A02634,Security,Competitor B,23
A02634,Applications,Competitor D,31
A02634,Integration,Competitor C,51
A02635,Infrastructure,Competitor B,72
A02635,AI & ML,Competitor B,77
A02635,Security,Competitor C,89
A02635,Integration,Competitor C,40
A02636,Infrastructure,Competitor A,65
A02636,Database,Competitor B,62
A02636,Analytics & Data,Competitor C,54
A02636,Applications,Competitor C,43
A02636,Integration,Competitor C,71
A02637,Analytics & Data,Competitor A,40
A02637,Applications,Competitor D,52
A02638,Infrastructure,Competitor B,36
A02638,Database,Competitor C,68
A02638,Security,Competitor D,98
A02638,Integration,Competitor C,93
A02639,Database,Competitor C,99
A02639,Analytics & Data,Competitor B,99
A02639,AI & ML,Competitor C,98
A02639,Applications,Competitor D,82
A02639,Integration,Competitor A,78
A02640,Infrastructure,Competitor D,72
A02640,Analytics & Data,Competitor C,69
A02640,AI & ML,Competitor C,74
A02640,Security,Competitor C,40
A02641,Infrastructure,Competitor C,35
A02641,Database,Competitor B,82
A02641,Analytics & Data,Competitor C,71
A02641,AI & ML,Competitor C,81
A02641,Security,Competitor D,70
A02641,Integration,Competitor C,74
A02642,Infrastructure,Competitor A,89
A02642,Database,Competitor A,97
A02643,Infrastructure,Competitor C,44
A02643,Analytics & Data,Competitor C,59
A02643,Integration,Competitor C,81
A02644,Infrastructure,Competitor D,100
A02644,Analytics & Data,Competitor A,99
A02644,AI & ML,Competitor C,98
A02644,Security,Competitor D,97
A02644,Applications,Competitor A,99
A02645,Analytics & Data,Competitor A,41
A02645,Security,Competitor B,91
A02645,Applications,Competitor C,70
A02646,Infrastructure,Competitor D,93
A02646,Analytics & Data,Competitor D,90
A02646,AI & ML,Competitor A,87
A02646,Integration,Competitor C,43
A02647,Infrastructure,Competitor A,52
A02647,Database,Competitor B,92
A02647,AI & ML,Competitor B,61
A02647,Security,Competitor B,87
A02647,Applications,Competitor B,99
A02647,Integration,Competitor C,88
A02648,AI & ML,Competitor D,20
A02648,Integration,Competitor D,12
A02649,Infrastructure,Competitor A,97
A02649,Database,Competitor B,97
A02649,Analytics & Data,Competitor C,38
A02649,Security,Competitor A,97
A02649,Integration,Competitor D,98
A02650,Infrastructure,Competitor D,100
A02650,Database,Competitor C,99
A02650,Analytics & Data,Competitor D,87
A02650,AI & ML,Competitor B,100
A02650,Security,Competitor D,85
A02650,Applications,Competitor C,90
A02651,Database,Competitor B,61
A02651,AI & ML,Competitor C,37
A02651,Security,Competitor D,91
A02651,Applications,Competitor C,58
A02652,Database,Competitor B,100
A02652,AI & ML,Competitor B,74
A02652,Security,Competitor B,100
A02652,Applications,Competitor C,70
A02652,Integration,Competitor B,100
A02653,Analytics & Data,Competitor A,69
A02653,Security,Competitor A,89
A02654,Infrastructure,Competitor C,75
A02654,Analytics & Data,Competitor A,36
A02654,Applications,Competitor C,97
A02655,Infrastructure,Competitor C,100
A02655,Database,Competitor C,93
A02655,AI & ML,Competitor D,76
A02655,Security,Competitor D,82
A02655,Applications,Competitor C,68
A02655,Integration,Competitor B,100
A02656,Infrastructure,Competitor B,87
A02656,Database,Competitor C,99
A02656,Analytics & Data,Competitor D,69
A02656,AI & ML,Competitor C,75
A02656,Security,Competitor A,78
A02656,Applications,Competitor D,93
A02656,Integration,Competitor A,74
A02657,Infrastructure,Competitor D,83
A02657,Database,Competitor B,37
A02657,Analytics & Data,Competitor D,52
A02657,AI & ML,Competitor B,85
A02657,Applications,Competitor B,21
A02658,Infrastructure,Competitor D,43
A02658,AI & ML,Competitor C,100
A02658,Security,Competitor A,80
A02658,Applications,Competitor A,100
A02659,Database,Competitor A,90
A02659,Analytics & Data,Competitor A,100
A02659,AI & ML,Competitor D,81
A02660,Database,Competitor B,30
A02660,Analytics & Data,Competitor A,70
A02660,Applications,Competitor B,83
A02660,Integration,Competitor B,16
A02661,Infrastructure,Competitor D,97
A02661,Database,Competitor D,74
A02661,Analytics & Data,Competitor D,71
A02661,AI & ML,Competitor C,75
A02661,Security,Competitor D,78
A02661,Applications,Competitor D,59
A02661,Integration,Competitor A,97
A02662,AI & ML,Competitor C,40
A02663,Database,Competitor B,61
A02663,Analytics & Data,Competitor C,50
A02663,AI & ML,Competitor C,73
A02663,Security,Competitor C,49
A02663,Applications,Competitor D,70
A02663,Integration,Competitor B,99
A02664,Database,Competitor C,90
A02664,Analytics & Data,Competitor A,51
A02664,Applications,Competitor B,92
A02665,Infrastructure,Competitor A,88
A02665,Database,Competitor C,97
A02665,Analytics & Data,Competitor B,99
A02665,Security,Competitor A,71
A02665,Applications,Competitor D,83
A02665,Integration,Competitor D,78
A02666,Database,Competitor D,87
A02666,Analytics & Data,Competitor B,85
A02666,AI & ML,Competitor B,97
A02666,Applications,Competitor A,33
A02666,Integration,Competitor D,80
A02667,Infrastructure,Competitor B,100
A02667,Analytics & Data,Competitor A,98
A02667,AI & ML,Competitor A,98
A02667,Security,Competitor D,100
A02667,Applications,Competitor C,99
A02667,Integration,Competitor D,100
A02668,Infrastructure,Competitor D,89
A02668,AI & ML,Competitor C,78
A02669,Analytics & Data,Competitor C,71
A02669,Security,Competitor C,88
A02669,Applications,Competitor D,78
A02669,Integration,Competitor D,77
A02670,Infrastructure,Competitor D,100
A02670,Analytics & Data,Competitor A,79
A02670,Security,Competitor B,70
A02670,Integration,Competitor C,70
A02671,Infrastructure,Competitor D,55
A02671,Applications,Competitor D,99
A02671,Integration,Competitor D,51
A02672,Infrastructure,Competitor B,99
A02672,Database,Competitor C,88
A02672,Analytics & Data,Competitor C,100
A02672,AI & ML,Competitor D,99
A02672,Security,Competitor D,100
A02672,Applications,Competitor D,45
A02672,Integration,Competitor A,100
A02673,Database,Competitor C,77
A02673,Analytics & Data,Competitor A,100
A02673,AI & ML,Competitor A,80
A02673,Applications,Competitor A,83
A02674,Infrastructure,Competitor D,29
A02674,Security,Competitor B,31
A02675,Infrastructure,Competitor B,59
A02676,Infrastructure,Competitor B,86
A02676,Analytics & Data,Competitor C,82
A02676,AI & ML,Competitor D,79
A02676,Security,Competitor C,71
A02676,Applications,Competitor B,88
A02678,AI & ML,Competitor D,20
A02679,Infrastructure,Competitor A,83
A02679,AI & ML,Competitor D,46
A02679,Security,Competitor C,90
A02679,Applications,Competitor C,78
A02679,Integration,Competitor C,71
A02680,Infrastructure,Competitor D,82
A02680,Database,Competitor A,37
A02680,Analytics & Data,Competitor A,99
A02680,Security,Competitor C,57
A02680,Applications,Competitor D,89
A02681,Infrastructure,Competitor C,93
A02681,Database,Competitor D,83
A02681,Analytics & Data,Competitor A,99
A02681,AI & ML,Competitor D,81
A02681,Applications,Competitor D,78
A02682,Infrastructure,Competitor D,97
A02682,Database,Competitor B,98
A02682,Analytics & Data,Competitor C,100
A02682,AI & ML,Competitor A,97
A02682,Security,Competitor A,93
A02682,Applications,Competitor C,99
A02682,Integration,Competitor A,100
A02683,Infrastructure,Competitor C,86
A02683,Database,Competitor B,71
A02683,AI & ML,Competitor D,77
A02683,Security,Competitor B,74
A02683,Integration,Competitor D,76
A02684,AI & ML,Competitor B,82
A02684,Security,Competitor D,78
A02684,Applications,Competitor B,64
A02685,Security,Competitor A,48
A02685,Integration,Competitor C,50
A02686,Applications,Competitor D,36
A02687,Infrastructure,Competitor D,55
A02687,Analytics & Data,Competitor A,98
A02687,AI & ML,Competitor D,80
A02687,Security,Competitor D,99
A02688,Database,Competitor B,82
A02688,AI & ML,Competitor B,92
A02688,Security,Competitor D,49
A02688,Applications,Competitor B,58
A02689,Infrastructure,Competitor A,98
A02689,Database,Competitor C,97
A02689,Analytics & Data,Competitor A,97
A02689,AI & ML,Competitor B,78
A02689,Security,Competitor A,100
A02689,Integration,Competitor B,68
A02690,Infrastructure,Competitor A,35
A02690,Database,Competitor B,99
A02690,Analytics & Data,Competitor D,21
A02690,AI & ML,Competitor B,79
A02691,Analytics & Data,Competitor A,59
A02691,AI & ML,Competitor A,70
A02691,Security,Competitor B,35
A02691,Applications,Competitor C,75
A02692,Security,Competitor A,35
A02693,Analytics & Data,Competitor B,99
A02693,Security,Competitor D,72
A02693,Applications,Competitor B,91
A02694,Infrastructure,Competitor C,75
A02694,AI & ML,Competitor C,58
A02695,Infrastructure,Competitor A,97
A02695,Database,Competitor D,98
A02695,Analytics & Data,Competitor A,86
A02695,AI & ML,Competitor A,83
A02695,Security,Competitor A,98
A02695,Applications,Competitor B,52
A02695,Integration,Competitor D,97
A02696,Infrastructure,Competitor D,99
A02696,Database,Competitor B,70
A02696,Analytics & Data,Competitor D,87
A02696,AI & ML,Competitor C,98
A02696,Security,Competitor B,80
A02696,Applications,Competitor D,86
A02696,Integration,Competitor D,79
A02697,Infrastructure,Competitor C,97
A02697,Database,Competitor B,99
A02697,Analytics & Data,Competitor C,81
A02697,AI & ML,Competitor B,87
A02697,Security,Competitor D,99
A02697,Applications,Competitor B,100
A02698,Infrastructure,Competitor C,99
A02698,AI & ML,Competitor A,82
A02698,Applications,Competitor A,70
A02698,Integration,Competitor A,90
A02699,Analytics & Data,Competitor C,72
A02699,Security,Competitor D,67
A02699,Applications,Competitor D,79
A02700,Database,Competitor B,81
A02700,Analytics & Data,Competitor D,73
A02700,Security,Competitor D,78
A02700,Applications,Competitor D,43
A02701,Database,Competitor A,86
A02701,AI & ML,Competitor A,42
A02701,Security,Competitor C,29
A02701,Applications,Competitor D,76
A02701,Integration,Competitor B,91
A02702,Infrastructure,Competitor C,98
A02702,Database,Competitor D,97
A02702,Analytics & Data,Competitor A,100
A02702,AI & ML,Competitor C,97
A02702,Applications,Competitor D,100
A02702,Integration,Competitor D,87
A02703,Infrastructure,Competitor D,97
A02703,Database,Competitor D,100
A02703,Security,Competitor D,73
A02703,Applications,Competitor A,86
A02704,Infrastructure,Competitor C,80
A02704,Analytics & Data,Competitor B,83
A02705,Security,Competitor D,70
A02706,Database,Competitor C,17
A02706,Integration,Competitor C,44
A02707,Database,Competitor D,45
A02707,Analytics & Data,Competitor C,82
A02707,Security,Competitor C,65
A02707,Applications,Competitor A,25
A02707,Integration,Competitor A,43
A02708,Analytics & Data,Competitor B,46
A02708,Integration,Competitor D,42
A02709,Database,Competitor A,35
A02709,Analytics & Data,Competitor A,97
A02709,Security,Competitor A,97
A02709,Applications,Competitor D,100
A02709,Integration,Competitor D,71
A02710,Infrastructure,Competitor A,98
A02710,Analytics & Data,Competitor C,97
A02710,Security,Competitor A,97
A02710,Applications,Competitor C,98
A02710,Integration,Competitor B,100
A02711,Infrastructure,Competitor C,98
A02711,Database,Competitor A,90
A02711,Analytics & Data,Competitor B,91
A02711,AI & ML,Competitor B,89
A02711,Security,Competitor C,83
A02711,Applications,Competitor D,73
A02711,Integration,Competitor C,73
A02712,Database,Competitor B,24
A02712,Integration,Competitor D,40
A02713,Infrastructure,Competitor A,68
A02713,AI & ML,Competitor C,90
A02713,Security,Competitor C,79
A02713,Applications,Competitor B,54
A02714,Analytics & Data,Competitor B,50
A02715,AI & ML,Competitor D,57
A02715,Security,Competitor A,75
A02715,Integration,Competitor D,65
A02716,Infrastructure,Competitor A,56
A02716,Database,Competitor A,63
A02716,AI & ML,Competitor A,76
A02716,Security,Competitor C,48
A02716,Applications,Competitor C,44
A02717,Infrastructure,Competitor B,50
A02717,Database,Competitor C,59
A02717,AI & ML,Competitor D,75
A02718,Infrastructure,Competitor D,69
A02718,Analytics & Data,Competitor A,93
A02718,AI & ML,Competitor D,77
A02718,Security,Competitor D,90
A02718,Applications,Competitor B,90
A02718,Integration,Competitor C,91
A02719,Infrastructure,Competitor C,79
A02719,Database,Competitor B,97
A02719,Analytics & Data,Competitor D,78
A02719,AI & ML,Competitor D,100
A02719,Applications,Competitor A,88
A02719,Integration,Competitor D,97
A02720,Infrastructure,Competitor C,100
A02720,Database,Competitor A,72
A02720,AI & ML,Competitor B,99
A02720,Security,Competitor C,82
A02720,Integration,Competitor D,99
A02721,Infrastructure,Competitor B,70
A02721,Database,Competitor A,75
A02721,Analytics & Data,Competitor C,98
A02721,AI & ML,Competitor A,19
A02721,Security,Competitor D,86
A02721,Applications,Competitor A,78
A02721,Integration,Competitor A,91
A02722,Security,Competitor C,44
A02722,Applications,Competitor B,35
A02722,Integration,Competitor A,77
A02723,AI & ML,Competitor B,74
A02724,Applications,Competitor D,44
A02725,Applications,Competitor B,93
A02726,Infrastructure,Competitor A,29
A02726,Analytics & Data,Competitor D,70
A02727,Security,Competitor A,53
A02727,Applications,Competitor B,16
A02728,Infrastructure,Competitor A,41
A02728,Database,Competitor A,27
A02728,Analytics & Data,Competitor D,70
A02728,AI & ML,Competitor C,47
A02728,Security,Competitor D,68
A02728,Applications,Competitor C,68
A02728,Integration,Competitor B,36
A02729,Infrastructure,Competitor A,55
A02729,Analytics & Data,Competitor B,53
A02729,Applications,Competitor B,49
A02730,Database,Competitor D,30
A02731,Infrastructure,Competitor C,98
A02731,Database,Competitor D,98
A02731,Analytics & Data,Competitor D,97
A02731,AI & ML,Competitor B,100
A02731,Security,Competitor B,98
A02731,Applications,Competitor A,56
A02731,Integration,Competitor D,100
A02732,Analytics & Data,Competitor C,68
A02732,AI & ML,Competitor B,87
A02732,Applications,Competitor B,83
A02733,Database,Competitor C,87
A02733,Analytics & Data,Competitor B,69
A02733,Integration,Competitor B,79
A02734,Infrastructure,Competitor D,98
A02734,Analytics & Data,Competitor B,76
A02734,AI & ML,Competitor B,69
A02734,Integration,Competitor D,87
A02735,Database,Competitor A,23
A02735,Analytics & Data,Competitor D,78
A02735,AI & ML,Competitor A,74
A02735,Security,Competitor A,73
A02736,Security,Competitor B,23
A02736,Applications,Competitor D,39
A02737,Database,Competitor A,82
A02737,Applications,Competitor A,37
A02738,Infrastructure,Competitor C,92
A02738,Database,Competitor D,37
A02738,AI & ML,Competitor C,72
A02738,Integration,Competitor C,68
A02739,AI & ML,Competitor D,60
A02739,Security,Competitor B,28
A02740,Infrastructure,Competitor D,61
A02740,Database,Competitor A,88
A02740,AI & ML,Competitor A,74
A02740,Security,Competitor C,97
A02740,Applications,Competitor B,71
A02740,Integration,Competitor C,55
A02741,AI & ML,Competitor B,80
A02741,Integration,Competitor D,38
A02742,Analytics & Data,Competitor A,46
A02743,Infrastructure,Competitor C,50
A02743,Database,Competitor D,81
A02743,Analytics & Data,Competitor D,76
A02743,AI & ML,Competitor B,88
A02743,Security,Competitor C,85
A02743,Integration,Competitor B,65
A02744,Infrastructure,Competitor C,81
A02744,Analytics & Data,Competitor A,60
A02744,AI & ML,Competitor C,73
A02744,Security,Competitor A,82
A02745,Database,Competitor B,78
A02745,Integration,Competitor C,99
A02746,Analytics & Data,Competitor A,60
A02746,Applications,Competitor A,60
A02747,Database,Competitor D,97
A02747,Analytics & Data,Competitor D,100
A02747,AI & ML,Competitor D,93
A02747,Security,Competitor A,89
A02747,Applications,Competitor B,93
A02747,Integration,Competitor D,86
A02748,Infrastructure,Competitor C,100
A02748,Database,Competitor B,51
A02748,AI & ML,Competitor C,97
A02748,Applications,Competitor A,97
A02748,Integration,Competitor C,77
A02749,Analytics & Data,Competitor B,81
A02749,AI & ML,Competitor C,68
A02749,Security,Competitor C,68
A02749,Integration,Competitor A,98
A02750,Infrastructure,Competitor A,87
A02750,Security,Competitor D,50
A02750,Applications,Competitor B,36
A02751,Infrastructure,Competitor B,70
A02751,Database,Competitor B,40
A02751,AI & ML,Competitor B,86
A02752,Infrastructure,Competitor A,97
A02752,Database,Competitor A,100
A02752,Analytics & Data,Competitor C,70
A02752,AI & ML,Competitor C,91
A02752,Security,Competitor B,97
A02752,Applications,Competitor A,99
A02752,Integration,Competitor B,99
A02753,Infrastructure,Competitor C,74
A02753,Analytics & Data,Competitor A,97
A02753,Applications,Competitor B,51
A02753,Integration,Competitor A,70
A02754,Applications,Competitor A,49
A02755,Infrastructure,Competitor C,69
A02755,Database,Competitor B,73
A02755,AI & ML,Competitor D,74
A02755,Security,Competitor D,91
A02755,Integration,Competitor D,97
A02756,Infrastructure,Competitor B,72
A02756,Database,Competitor C,43
A02756,Analytics & Data,Competitor D,65
A02756,AI & ML,Competitor B,82
A02756,Applications,Competitor D,83
A02758,Infrastructure,Competitor C,81
A02758,Database,Competitor B,77
A02758,Analytics & Data,Competitor D,85
A02758,AI & ML,Competitor D,88
A02758,Security,Competitor A,100
A02758,Applications,Competitor C,99
A02759,Infrastructure,Competitor C,74
A02759,Analytics & Data,Competitor D,98
A02759,AI & ML,Competitor C,100
A02759,Security,Competitor B,72
A02759,Applications,Competitor C,99
A02759,Integration,Competitor D,73
A02760,Infrastructure,Competitor D,98
A02760,Database,Competitor D,98
A02760,Analytics & Data,Competitor C,100
A02760,Security,Competitor B,98
A02760,Applications,Competitor D,69
A02760,Integration,Competitor A,89
A02761,Database,Competitor C,76
A02761,Analytics & Data,Competitor D,46
A02761,AI & ML,Competitor D,71
A02761,Applications,Competitor D,50
A02762,Infrastructure,Competitor B,49
A02762,Analytics & Data,Competitor B,60
A02762,Applications,Competitor D,67
A02763,Database,Competitor B,92
A02763,Analytics & Data,Competitor C,82
A02763,Security,Competitor A,71
A02763,Applications,Competitor D,66
A02764,Infrastructure,Competitor A,100
A02764,Database,Competitor A,99
A02764,AI & ML,Competitor A,98
A02764,Integration,Competitor D,93
A02765,Infrastructure,Competitor C,69
A02765,Database,Competitor C,75
A02765,Security,Competitor C,92
A02765,Applications,Competitor C,98
A02765,Integration,Competitor C,44
A02766,Security,Competitor A,12
A02766,Applications,Competitor B,28
A02766,Integration,Competitor C,12
A02767,Infrastructure,Competitor C,35
A02767,Analytics & Data,Competitor B,97
A02767,AI & ML,Competitor C,81
A02767,Applications,Competitor D,68
A02767,Integration,Competitor A,86
A02768,Infrastructure,Competitor D,37
A02768,Applications,Competitor C,55
A02768,Integration,Competitor A,52
A02769,Infrastructure,Competitor C,90
A02769,Analytics & Data,Competitor C,97
A02769,AI & ML,Competitor D,84
A02769,Integration,Competitor B,73
A02770,Database,Competitor C,72
A02770,Analytics & Data,Competitor C,85
A02770,Security,Competitor D,83
A02771,Infrastructure,Competitor A,98
A02771,Database,Competitor C,68
A02771,AI & ML,Competitor B,90
A02771,Security,Competitor C,98
A02771,Applications,Competitor B,99
A02771,Integration,Competitor C,58
A02772,Infrastructure,Competitor D,70
A02772,Database,Competitor C,83
A02772,AI & ML,Competitor B,19
A02772,Integration,Competitor B,98
A02773,Infrastructure,Competitor C,100
A02773,AI & ML,Competitor D,98
A02773,Security,Competitor A,99
A02773,Integration,Competitor D,80
A02774,Infrastructure,Competitor D,53
A02774,Database,Competitor A,55
A02774,Applications,Competitor C,72
A02775,Infrastructure,Competitor B,43
A02775,Applications,Competitor C,47
A02776,Analytics & Data,Competitor A,20
A02776,Security,Competitor A,21
A02776,Applications,Competitor A,39
A02777,Analytics & Data,Competitor B,45
A02778,Infrastructure,Competitor C,97
A02778,Database,Competitor B,85
A02778,Analytics & Data,Competitor A,99
A02778,Security,Competitor C,90
A02778,Integration,Competitor B,78
A02779,Infrastructure,Competitor B,75
A02779,Database,Competitor C,97
A02779,AI & ML,Competitor B,72
A02779,Security,Competitor A,79
A02779,Applications,Competitor B,50
A02780,Infrastructure,Competitor B,54
A02780,Analytics & Data,Competitor C,57
A02780,AI & ML,Competitor D,45
A02780,Security,Competitor C,61
A02780,Integration,Competitor B,18
A02781,Infrastructure,Competitor C,16
A02781,Database,Competitor A,46
A02781,AI & ML,Competitor A,48
A02781,Security,Competitor D,58
A02781,Applications,Competitor C,81
A02781,Integration,Competitor B,50
A02782,Infrastructure,Competitor C,80
A02782,Database,Competitor C,83
A02782,Applications,Competitor D,56
A02783,Database,Competitor A,64
A02783,Analytics & Data,Competitor D,43
A02783,AI & ML,Competitor B,69
A02783,Security,Competitor C,71
A02783,Integration,Competitor D,77
A02784,AI & ML,Competitor D,56
A02784,Applications,Competitor D,69
A02785,Infrastructure,Competitor C,59
A02785,Analytics & Data,Competitor D,68
A02786,Analytics & Data,Competitor A,13
A02786,AI & ML,Competitor C,58
A02786,Security,Competitor B,10
A02787,Infrastructure,Competitor D,52
A02787,Analytics & Data,Competitor D,47
A02787,Security,Competitor A,38
A02787,Applications,Competitor B,45
A02788,Infrastructure,Competitor A,97
A02788,Database,Competitor A,98
A02788,Analytics & Data,Competitor B,97
A02788,AI & ML,Competitor D,100
A02788,Security,Competitor B,74
A02788,Applications,Competitor C,100
A02788,Integration,Competitor A,84
A02789,Infrastructure,Competitor B,83
A02789,Database,Competitor B,66
A02789,Analytics & Data,Competitor A,100
A02789,Security,Competitor A,80
A02789,Integration,Competitor B,69
A02791,Infrastructure,Competitor B,90
A02791,Database,Competitor B,13
A02791,Analytics & Data,Competitor C,56
A02791,AI & ML,Competitor D,99
A02791,Security,Competitor B,80
A02791,Applications,Competitor B,83
A02792,Database,Competitor A,44
A02792,Analytics & Data,Competitor C,84
A02792,AI & ML,Competitor D,61
A02792,Security,Competitor B,100
A02792,Applications,Competitor A,62
A02793,Database,Competitor A,87
A02793,Analytics & Data,Competitor C,83
A02793,Security,Competitor A,76
A02793,Applications,Competitor D,100
A02793,Integration,Competitor C,91
A02794,Applications,Competitor B,57
A02795,Analytics & Data,Competitor B,56
A02795,AI & ML,Competitor B,74
A02796,Database,Competitor C,72
A02796,AI & ML,Competitor C,97
A02796,Security,Competitor B,93
A02796,Applications,Competitor C,78
A02796,Integration,Competitor A,93
A02797,Infrastructure,Competitor A,99
A02797,Database,Competitor A,85
A02797,AI & ML,Competitor D,27
A02797,Security,Competitor C,90
A02797,Applications,Competitor C,83
A02798,Infrastructure,Competitor D,97
A02798,Analytics & Data,Competitor B,97
A02798,AI & ML,Competitor A,79
A02798,Integration,Competitor C,100
A02800,Infrastructure,Competitor C,98
A02800,Database,Competitor C,82
A02800,Analytics & Data,Competitor D,97
A02800,AI & ML,Competitor A,71
A02800,Security,Competitor C,52
A02800,Applications,Competitor A,100
A02800,Integration,Competitor C,97
A02801,Infrastructure,Competitor D,98
A02801,Database,Competitor D,98
A02801,Analytics & Data,Competitor B,97
A02801,AI & ML,Competitor A,97
A02801,Security,Competitor A,99
A02801,Applications,Competitor D,97
A02801,Integration,Competitor D,98
A02802,Infrastructure,Competitor C,40
A02802,Analytics & Data,Competitor D,100
A02802,AI & ML,Competitor B,91
A02802,Security,Competitor D,75
A02802,Applications,Competitor A,71
A02804,Database,Competitor B,97
A02804,Analytics & Data,Competitor D,85
A02804,AI & ML,Competitor A,73
A02804,Security,Competitor B,100
A02804,Applications,Competitor B,100
A02804,Integration,Competitor D,78
A02805,AI & ML,Competitor C,30
A02806,Infrastructure,Competitor C,75
A02806,Analytics & Data,Competitor B,84
A02806,Applications,Competitor D,45
A02806,Integration,Competitor C,98
A02807,Database,Competitor B,43
A02807,Security,Competitor B,85
A02808,Infrastructure,Competitor A,55
A02808,Security,Competitor A,62
A02809,Analytics & Data,Competitor B,49
A02809,Security,Competitor C,43
A02809,Applications,Competitor B,67
A02810,Infrastructure,Competitor D,44
A02810,Database,Competitor C,78
A02810,Integration,Competitor D,37
A02811,Infrastructure,Competitor B,98
A02811,Database,Competitor B,100
A02811,Analytics & Data,Competitor A,98
A02811,AI & ML,Competitor C,42
A02811,Security,Competitor A,98
A02811,Applications,Competitor B,88
A02811,Integration,Competitor B,98
A02812,AI & ML,Competitor C,88
A02812,Applications,Competitor C,57
A02812,Integration,Competitor D,56
A02813,Infrastructure,Competitor D,38
A02813,Analytics & Data,Competitor D,76
A02813,AI & ML,Competitor A,70
A02813,Applications,Competitor D,62
A02813,Integration,Competitor C,88
A02814,Database,Competitor B,55
A02814,Analytics & Data,Competitor C,87
A02814,Applications,Competitor B,99
A02815,Applications,Competitor D,86
A02816,Infrastructure,Competitor D,74
A02816,AI & ML,Competitor D,48
A02816,Security,Competitor B,49
A02817,Database,Competitor B,69
A02817,Analytics & Data,Competitor D,78
A02817,Applications,Competitor A,99
A02817,Integration,Competitor D,79
A02818,Infrastructure,Competitor A,85
A02818,Database,Competitor B,98
A02818,Analytics & Data,Competitor D,68
A02818,Applications,Competitor D,99
A02818,Integration,Competitor D,100
A02819,Infrastructure,Competitor C,100
A02819,Database,Competitor C,88
A02819,Analytics & Data,Competitor A,99
A02819,AI & ML,Competitor D,91
A02819,Security,Competitor C,98
A02819,Applications,Competitor B,76
A02819,Integration,Competitor B,83
A02820,Applications,Competitor C,75
A02821,Infrastructure,Competitor A,22
A02821,Database,Competitor A,26
A02821,Integration,Competitor B,60
A02822,Infrastructure,Competitor D,70
A02822,Analytics & Data,Competitor D,51
A02822,Applications,Competitor B,30
A02822,Integration,Competitor A,45
A02823,Infrastructure,Competitor B,92
A02823,Database,Competitor D,82
A02823,Security,Competitor C,57
A02823,Integration,Competitor B,79
A02824,Database,Competitor D,14
A02824,AI & ML,Competitor C,43
A02825,Infrastructure,Competitor D,83
A02825,Database,Competitor C,97
A02825,AI & ML,Competitor D,100
A02825,Security,Competitor A,100
A02825,Applications,Competitor C,97
A02825,Integration,Competitor D,79
A02826,Infrastructure,Competitor B,88
A02826,Database,Competitor A,65
A02826,Analytics & Data,Competitor C,55
A02826,AI & ML,Competitor A,73
A02826,Security,Competitor D,41
A02827,Infrastructure,Competitor B,38
A02827,Database,Competitor A,97
A02827,Analytics & Data,Competitor D,68
A02827,AI & ML,Competitor B,54
A02827,Integration,Competitor C,100
A02828,Infrastructure,Competitor A,12
A02828,AI & ML,Competitor D,53
A02828,Integration,Competitor C,44
A02829,Analytics & Data,Competitor D,90
A02829,Applications,Competitor B,60
A02830,Infrastructure,Competitor A,85
A02830,Analytics & Data,Competitor B,44
A02830,Security,Competitor C,67
A02830,Integration,Competitor A,70
A02831,Infrastructure,Competitor D,93
A02833,AI & ML,Competitor A,79
A02833,Security,Competitor B,81
A02833,Applications,Competitor C,41
A02833,Integration,Competitor B,70
A02834,Infrastructure,Competitor B,97
A02834,Database,Competitor D,68
A02834,Analytics & Data,Competitor D,76
A02834,AI & ML,Competitor D,78
A02834,Security,Competitor C,74
A02834,Applications,Competitor A,98
A02834,Integration,Competitor A,63
A02835,Infrastructure,Competitor B,90
A02835,Database,Competitor D,70
A02835,Analytics & Data,Competitor D,71
A02835,AI & ML,Competitor C,35
A02835,Security,Competitor B,75
A02835,Applications,Competitor B,45
A02835,Integration,Competitor D,74
A02836,Infrastructure,Competitor C,76
A02836,Database,Competitor D,63
A02836,Security,Competitor A,66
A02837,Infrastructure,Competitor D,99
A02837,Database,Competitor A,99
A02837,Security,Competitor A,99
A02837,Applications,Competitor B,97
A02837,Integration,Competitor D,98
A02838,Infrastructure,Competitor D,89
A02838,AI & ML,Competitor B,37
A02838,Applications,Competitor B,99
A02838,Integration,Competitor A,91
A02839,Infrastructure,Competitor C,99
A02839,Database,Competitor D,89
A02839,AI & ML,Competitor B,62
A02839,Integration,Competitor D,98
A02840,Infrastructure,Competitor A,100
A02840,Security,Competitor D,79
A02841,Infrastructure,Competitor A,32
A02841,Security,Competitor C,36
A02842,Infrastructure,Competitor C,99
A02842,Database,Competitor B,97
A02842,Analytics & Data,Competitor B,99
A02842,AI & ML,Competitor B,98
A02842,Security,Competitor C,100
A02842,Applications,Competitor B,100
A02842,Integration,Competitor B,84
A02843,Infrastructure,Competitor D,65
A02843,Database,Competitor B,46
A02843,AI & ML,Competitor C,35
A02843,Security,Competitor B,40
A02843,Applications,Competitor D,41
A02844,Infrastructure,Competitor D,100
A02844,Database,Competitor A,100
A02844,Analytics & Data,Competitor C,92
A02844,AI & ML,Competitor B,99
A02844,Security,Competitor A,100
A02844,Applications,Competitor C,99
A02844,Integration,Competitor C,85
A02845,Analytics & Data,Competitor D,79
A02845,Security,Competitor D,90
A02846,Infrastructure,Competitor A,98
A02846,Analytics & Data,Competitor A,97
A02846,AI & ML,Competitor D,100
A02846,Security,Competitor C,100
A02846,Applications,Competitor A,83
A02846,Integration,Competitor B,97
A02847,Infrastructure,Competitor C,97
A02847,Database,Competitor B,73
A02847,Analytics & Data,Competitor D,98
A02847,AI & ML,Competitor B,77
A02847,Applications,Competitor B,78
A02848,Infrastructure,Competitor B,81
A02848,Database,Competitor B,41
A02848,Analytics & Data,Competitor A,92
A02848,AI & ML,Competitor A,88
A02848,Applications,Competitor D,91
A02848,Integration,Competitor C,92
A02849,Database,Competitor B,88
A02849,AI & ML,Competitor A,75
A02849,Security,Competitor C,76
A02849,Applications,Competitor D,88
A02849,Integration,Competitor D,83
A02850,Infrastructure,Competitor A,97
A02850,Database,Competitor D,81
A02850,Analytics & Data,Competitor A,52
A02850,Integration,Competitor C,69
A02851,Infrastructure,Competitor B,93
A02851,Database,Competitor C,92
A02851,AI & ML,Competitor D,90
A02851,Applications,Competitor B,70
A02851,Integration,Competitor A,75
A02852,Database,Competitor C,57
A02852,Analytics & Data,Competitor B,38
A02852,Security,Competitor A,73
A02854,Infrastructure,Competitor C,78
A02854,Database,Competitor B,43
A02854,Security,Competitor C,75
A02854,Applications,Competitor C,40
A02854,Integration,Competitor A,77
A02855,Infrastructure,Competitor C,86
A02855,Database,Competitor A,39
A02855,Analytics & Data,Competitor A,43
A02855,AI & ML,Competitor C,63
A02855,Security,Competitor C,85
A02855,Applications,Competitor A,88
A02856,Infrastructure,Competitor C,97
A02856,Database,Competitor C,85
A02856,Analytics & Data,Competitor C,97
A02856,AI & ML,Competitor D,99
A02856,Security,Competitor C,100
A02856,Applications,Competitor C,98
A02856,Integration,Competitor B,69
A02857,Infrastructure,Competitor B,100
A02857,Database,Competitor B,100
A02857,Analytics & Data,Competitor A,53
A02857,AI & ML,Competitor A,100
A02857,Security,Competitor C,100
A02857,Applications,Competitor D,98
A02857,Integration,Competitor A,98
A02858,Infrastructure,Competitor C,90
A02858,Database,Competitor D,74
A02858,Analytics & Data,Competitor D,72
A02858,AI & ML,Competitor C,81
A02858,Security,Competitor B,93
A02858,Applications,Competitor A,74
A02858,Integration,Competitor C,82
A02859,Database,Competitor A,78
A02859,Analytics & Data,Competitor A,69
A02859,AI & ML,Competitor A,97
A02859,Security,Competitor B,72
A02859,Applications,Competitor D,85
A02859,Integration,Competitor D,97
A02860,Infrastructure,Competitor B,91
A02860,Database,Competitor A,74
A02860,Analytics & Data,Competitor C,93
A02860,AI & ML,Competitor D,80
A02860,Applications,Competitor A,100
A02861,Infrastructure,Competitor C,70
A02861,AI & ML,Competitor C,68
A02861,Security,Competitor A,83
A02861,Applications,Competitor C,44
A02861,Integration,Competitor B,41
A02862,Database,Competitor B,73
A02862,Analytics & Data,Competitor D,84
A02862,AI & ML,Competitor D,92
A02862,Security,Competitor A,70
A02862,Applications,Competitor A,37
A02863,Infrastructure,Competitor D,67
A02863,Database,Competitor C,89
A02863,Analytics & Data,Competitor C,71
A02863,Security,Competitor A,100
A02863,Applications,Competitor C,83
A02863,Integration,Competitor B,90
A02864,Infrastructure,Competitor B,100
A02864,Analytics & Data,Competitor B,75
A02865,Infrastructure,Competitor A,100
A02865,Analytics & Data,Competitor B,73
A02865,AI & ML,Competitor C,97
A02865,Security,Competitor B,53
A02865,Applications,Competitor C,61
A02865,Integration,Competitor B,99
A02866,Infrastructure,Competitor A,77
A02866,Database,Competitor D,71
A02866,Security,Competitor D,75
A02866,Applications,Competitor A,52
A02867,Infrastructure,Competitor D,92
A02867,Database,Competitor B,70
A02867,Analytics & Data,Competitor B,71
A02867,AI & ML,Competitor A,100
A02867,Security,Competitor B,41
A02867,Applications,Competitor C,71
A02867,Integration,Competitor B,97
A02868,Infrastructure,Competitor A,58
A02868,Applications,Competitor B,36
A02869,Applications,Competitor D,44
A02870,Infrastructure,Competitor A,89
A02870,Database,Competitor D,80
A02870,Analytics & Data,Competitor B,99
A02871,Infrastructure,Competitor C,68
A02871,Database,Competitor D,77
A02871,Analytics & Data,Competitor C,70
A02871,Security,Competitor C,100
A02871,Applications,Competitor B,97
A02871,Integration,Competitor B,85
A02872,Infrastructure,Competitor D,97
A02872,AI & ML,Competitor D,99
A02872,Security,Competitor D,99
A02872,Applications,Competitor C,29
A02873,Analytics & Data,Competitor B,61
A02873,Integration,Competitor B,49
A02875,AI & ML,Competitor A,27
A02876,Database,Competitor B,98
A02876,Analytics & Data,Competitor A,98
A02876,AI & ML,Competitor A,97
A02876,Security,Competitor B,71
A02876,Applications,Competitor A,99
A02876,Integration,Competitor D,99
A02877,Infrastructure,Competitor D,61
A02877,Security,Competitor C,89
A02877,Applications,Competitor D,56
A02877,Integration,Competitor B,69
A02878,Database,Competitor A,98
A02878,AI & ML,Competitor C,85
A02878,Security,Competitor D,82
A02878,Applications,Competitor C,98
A02879,Database,Competitor A,98
A02879,AI & ML,Competitor B,41
A02879,Applications,Competitor D,86
A02879,Integration,Competitor D,99
A02880,Database,Competitor A,73
A02880,Analytics & Data,Competitor A,99
A02880,AI & ML,Competitor C,89
A02880,Security,Competitor A,56
A02880,Integration,Competitor C,93
A02882,Infrastructure,Competitor C,40
A02882,Database,Competitor D,13
A02882,AI & ML,Competitor D,40
A02882,Integration,Competitor D,74
A02883,Infrastructure,Competitor C,87
A02883,Database,Competitor A,66
A02883,Analytics & Data,Competitor D,90
A02883,Security,Competitor D,56
A02883,Applications,Competitor B,40
A02884,Analytics & Data,Competitor A,10
A02884,Applications,Competitor D,63
A02884,Integration,Competitor C,51
A02885,Database,Competitor D,75
A02885,AI & ML,Competitor A,38
A02885,Applications,Competitor B,67
A02885,Integration,Competitor B,69
A02886,Analytics & Data,Competitor D,72
A02886,AI & ML,Competitor B,98
A02886,Security,Competitor C,78
A02886,Applications,Competitor B,86
A02886,Integration,Competitor B,80
A02887,AI & ML,Competitor C,40
A02887,Integration,Competitor C,66
A02888,Database,Competitor B,44
A02888,Analytics & Data,Competitor C,51
A02888,AI & ML,Competitor D,80
A02888,Integration,Competitor B,60
A02889,Analytics & Data,Competitor A,100
A02889,AI & ML,Competitor C,83
A02889,Security,Competitor A,91
A02889,Applications,Competitor A,97
A02889,Integration,Competitor C,79
A02890,AI & ML,Competitor A,45
A02890,Integration,Competitor A,60
A02891,Database,Competitor C,81
A02891,Analytics & Data,Competitor B,49
A02891,Security,Competitor A,22
A02891,Integration,Competitor D,81
A02892,Security,Competitor D,35
A02893,Infrastructure,Competitor A,68
A02893,Analytics & Data,Competitor B,98
A02893,AI & ML,Competitor C,71
A02893,Security,Competitor B,97
A02893,Integration,Competitor B,69
A02894,AI & ML,Competitor D,48
A02894,Integration,Competitor D,100
A02895,Analytics & Data,Competitor A,75
A02895,Integration,Competitor A,92
A02896,Infrastructure,Competitor C,100
A02896,Database,Competitor D,97
A02896,Analytics & Data,Competitor A,100
A02896,AI & ML,Competitor C,92
A02896,Security,Competitor C,98
A02896,Applications,Competitor D,38
A02896,Integration,Competitor D,91
A02897,Infrastructure,Competitor D,41
A02897,AI & ML,Competitor B,90
A02897,Security,Competitor D,88
A02897,Integration,Competitor D,88
A02898,Infrastructure,Competitor B,40
A02898,Database,Competitor D,92
A02898,Analytics & Data,Competitor B,66
A02898,AI & ML,Competitor D,83
A02898,Security,Competitor C,91
A02898,Applications,Competitor B,79
A02898,Integration,Competitor B,100
A02899,Infrastructure,Competitor B,97
A02899,Database,Competitor D,74
A02899,Analytics & Data,Competitor B,99
A02899,AI & ML,Competitor A,71
A02899,Applications,Competitor C,98
A02899,Integration,Competitor A,99
A02900,Analytics & Data,Competitor A,42
A02900,Integration,Competitor C,50
A02902,Security,Competitor B,34
A02902,Applications,Competitor A,29
A02902,Integration,Competitor D,13
A02903,Infrastructure,Competitor B,99
A02903,Database,Competitor A,71
A02903,Analytics & Data,Competitor B,97
A02903,AI & ML,Competitor B,50
A02903,Security,Competitor D,97
A02903,Applications,Competitor D,80
A02903,Integration,Competitor B,50
A02904,Infrastructure,Competitor B,48
A02904,Analytics & Data,Competitor C,61
A02904,Security,Competitor A,61
A02904,Applications,Competitor A,63
A02904,Integration,Competitor A,92
A02905,AI & ML,Competitor A,64
A02906,Security,Competitor D,82
A02907,Infrastructure,Competitor A,38
A02907,Database,Competitor A,10
A02907,Security,Competitor A,64
A02908,Analytics & Data,Competitor A,91
A02908,AI & ML,Competitor C,48
A02909,Infrastructure,Competitor C,73
A02909,Database,Competitor C,88
A02909,Security,Competitor B,98
A02909,Applications,Competitor D,98
A02909,Integration,Competitor B,98
A02910,AI & ML,Competitor D,64
A02911,Analytics & Data,Competitor B,18
A02911,Applications,Competitor B,44
A02912,Infrastructure,Competitor B,76
A02912,Analytics & Data,Competitor A,35
A02912,AI & ML,Competitor B,16
A02912,Security,Competitor B,63
A02913,Integration,Competitor D,18
A02914,Database,Competitor A,52
A02914,Analytics & Data,Competitor C,58
A02915,Infrastructure,Competitor B,84
A02915,Database,Competitor C,81
A02915,AI & ML,Competitor C,83
A02915,Security,Competitor C,99
A02915,Applications,Competitor B,88
A02915,Integration,Competitor C,86
A02916,Infrastructure,Competitor A,36
A02916,Analytics & Data,Competitor C,24
A02916,Integration,Competitor A,36
A02917,Integration,Competitor C,43
A02918,Database,Competitor D,10
A02918,Security,Competitor B,12
A02919,Infrastructure,Competitor D,50
A02919,Database,Competitor A,93
A02919,Analytics & Data,Competitor B,80
A02919,Security,Competitor A,73
A02919,Integration,Competitor B,97
A02920,Infrastructure,Competitor B,41
A02920,Database,Competitor A,69
A02920,AI & ML,Competitor D,44
A02920,Security,Competitor C,86
A02920,Integration,Competitor B,58
A02921,Infrastructure,Competitor D,79
A02921,Analytics & Data,Competitor D,97
A02921,AI & ML,Competitor A,67
A02921,Security,Competitor B,98
A02921,Applications,Competitor B,99
A02921,Integration,Competitor C,81
A02922,Database,Competitor A,57
A02923,Infrastructure,Competitor B,89
A02923,Database,Competitor D,39
A02923,AI & ML,Competitor B,93
A02923,Integration,Competitor D,64
A02924,Database,Competitor B,48
A02924,Applications,Competitor D,42
A02925,Infrastructure,Competitor C,91
A02925,Analytics & Data,Competitor B,72
A02925,Applications,Competitor D,100
A02926,Infrastructure,Competitor C,92
A02926,Database,Competitor C,93
A02926,AI & ML,Competitor B,80
A02926,Security,Competitor D,81
A02926,Applications,Competitor C,97
A02926,Integration,Competitor D,69
A02927,Database,Competitor A,50
A02927,Analytics & Data,Competitor C,72
A02927,Applications,Competitor C,66
A02928,Infrastructure,Competitor A,66
A02928,Database,Competitor B,11
A02928,Analytics & Data,Competitor C,41
A02928,Applications,Competitor D,33
A02929,Infrastructure,Competitor D,91
A02929,Database,Competitor D,75
A02929,Analytics & Data,Competitor B,87
A02929,Security,Competitor B,39
A02929,Applications,Competitor C,84
A02929,Integration,Competitor C,99
A02930,Infrastructure,Competitor D,78
A02930,Database,Competitor D,83
A02930,Analytics & Data,Competitor C,89
A02931,Infrastructure,Competitor B,87
A02931,Analytics & Data,Competitor D,54
A02931,Security,Competitor D,30
A02932,Security,Competitor C,55
A02932,Applications,Competitor B,86
A02933,Database,Competitor A,72
A02933,Analytics & Data,Competitor D,57
A02933,AI & ML,Competitor A,97
A02933,Security,Competitor A,97
A02933,Applications,Competitor A,99
A02934,Database,Competitor B,58
A02934,Analytics & Data,Competitor A,80
A02934,Security,Competitor B,83
A02934,Applications,Competitor C,99
A02935,AI & ML,Competitor D,12
A02936,Security,Competitor D,12
A02936,Applications,Competitor B,37
A02937,Infrastructure,Competitor A,57
A02937,Security,Competitor D,54
A02938,Infrastructure,Competitor C,98
A02938,Database,Competitor D,75
A02938,AI & ML,Competitor B,85
A02938,Security,Competitor B,66
A02938,Applications,Competitor C,93
A02938,Integration,Competitor C,71
A02939,Infrastructure,Competitor B,77
A02939,Database,Competitor C,83
A02939,Analytics & Data,Competitor B,86
A02939,AI & ML,Competitor C,86
A02939,Security,Competitor D,100
A02939,Applications,Competitor A,90
A02939,Integration,Competitor D,75
A02940,Infrastructure,Competitor A,75
A02940,Database,Competitor C,42
A02940,Analytics & Data,Competitor C,98
A02940,AI & ML,Competitor D,70
A02940,Security,Competitor A,81
A02940,Applications,Competitor A,91
A02940,Integration,Competitor D,89
A02941,Database,Competitor B,83
A02941,Analytics & Data,Competitor A,99
A02941,AI & ML,Competitor A,58
A02941,Security,Competitor C,75
A02941,Applications,Competitor C,92
A02941,Integration,Competitor C,83
A02942,Infrastructure,Competitor D,67
A02942,Database,Competitor C,36
A02943,Infrastructure,Competitor B,55
A02943,Analytics & Data,Competitor C,71
A02943,AI & ML,Competitor A,84
A02943,Security,Competitor C,43
A02943,Integration,Competitor A,62
A02944,Infrastructure,Competitor A,77
A02944,Analytics & Data,Competitor C,49
A02944,Security,Competitor C,89
A02944,Applications,Competitor D,83
A02945,Analytics & Data,Competitor D,93
A02945,Applications,Competitor A,44
A02946,Infrastructure,Competitor B,97
A02946,Analytics & Data,Competitor A,82
A02946,AI & ML,Competitor A,98
A02946,Security,Competitor B,97
A02946,Applications,Competitor D,100
A02946,Integration,Competitor D,71
A02947,Infrastructure,Competitor A,99
A02947,Database,Competitor A,97
A02947,Analytics & Data,Competitor B,100
A02947,AI & ML,Competitor C,100
A02947,Security,Competitor C,71
A02947,Applications,Competitor A,100
A02947,Integration,Competitor A,97
A02948,Infrastructure,Competitor A,93
A02948,Database,Competitor B,88
A02948,Analytics & Data,Competitor A,77
A02948,AI & ML,Competitor D,70
A02948,Applications,Competitor A,81
A02948,Integration,Competitor D,71
A02949,Security,Competitor C,53
A02949,Applications,Competitor D,79
A02950,Infrastructure,Competitor C,77
A02950,Database,Competitor B,86
A02950,AI & ML,Competitor B,46
A02950,Security,Competitor D,17
A02951,Database,Competitor A,89
A02951,AI & ML,Competitor C,93
A02951,Security,Competitor C,99
A02951,Applications,Competitor D,91
A02951,Integration,Competitor D,71
A02952,Infrastructure,Competitor D,87
A02952,Database,Competitor B,85
A02952,AI & ML,Competitor A,98
A02952,Applications,Competitor B,72
A02953,Infrastructure,Competitor D,66
A02954,Infrastructure,Competitor B,60
A02954,Database,Competitor A,44
A02954,AI & ML,Competitor A,53
A02955,Infrastructure,Competitor D,100
A02955,Database,Competitor A,66
A02955,Analytics & Data,Competitor B,98
A02955,AI & ML,Competitor C,99
A02955,Security,Competitor A,98
A02955,Applications,Competitor B,84
A02955,Integration,Competitor D,98
A02956,Infrastructure,Competitor C,53
A02956,Analytics & Data,Competitor B,100
A02956,AI & ML,Competitor A,99
A02956,Security,Competitor B,78
A02956,Applications,Competitor B,40
A02956,Integration,Competitor B,61
A02957,Database,Competitor A,73
A02957,Integration,Competitor D,46
A02958,Infrastructure,Competitor C,76
A02958,Analytics & Data,Competitor B,99
A02958,AI & ML,Competitor C,97
A02958,Applications,Competitor B,99
A02958,Integration,Competitor D,79
A02959,Database,Competitor D,68
A02959,Applications,Competitor D,79
A02960,Database,Competitor A,76
A02960,Analytics & Data,Competitor A,92
A02960,Integration,Competitor D,61
A02961,Database,Competitor C,73
A02961,AI & ML,Competitor D,92
A02961,Security,Competitor C,74
A02961,Applications,Competitor D,70
A02961,Integration,Competitor D,84
A02962,Analytics & Data,Competitor B,15
A02962,Integration,Competitor C,40
A02963,Infrastructure,Competitor A,93
A02963,Analytics & Data,Competitor A,80
A02963,Security,Competitor C,98
A02963,Applications,Competitor C,85
A02964,Infrastructure,Competitor C,66
A02964,Database,Competitor A,54
A02964,Analytics & Data,Competitor B,20
A02964,AI & ML,Competitor A,15
A02964,Applications,Competitor A,62
A02965,Analytics & Data,Competitor D,15
A02966,Analytics & Data,Competitor A,72
A02966,AI & ML,Competitor B,47
A02967,Infrastructure,Competitor D,90
A02967,Analytics & Data,Competitor C,80
A02967,AI & ML,Competitor B,69
A02967,Integration,Competitor D,97
A02968,Analytics & Data,Competitor B,66
A02968,Integration,Competitor A,84
A02969,AI & ML,Competitor A,100
A02969,Security,Competitor A,92
A02969,Integration,Competitor A,89
A02970,Infrastructure,Competitor D,55
A02970,Database,Competitor B,77
A02970,Security,Competitor D,99
A02970,Integration,Competitor B,92
A02971,Database,Competitor D,82
A02972,Infrastructure,Competitor D,83
A02972,Database,Competitor A,36
A02972,Analytics & Data,Competitor D,100
A02972,AI & ML,Competitor D,72
A02972,Applications,Competitor C,87
A02972,Integration,Competitor D,82
A02973,Analytics & Data,Competitor B,90
A02973,AI & ML,Competitor B,39
A02973,Applications,Competitor A,35
A02974,Infrastructure,Competitor C,98
A02974,Database,Competitor B,76
A02974,Analytics & Data,Competitor A,86
A02974,AI & ML,Competitor A,80
A02974,Security,Competitor B,71
A02974,Applications,Competitor A,71
A02975,Infrastructure,Competitor D,83
A02975,Database,Competitor A,51
A02975,AI & ML,Competitor A,84
A02975,Security,Competitor B,90
A02975,Applications,Competitor C,100
A02976,Database,Competitor D,63
A02976,Security,Competitor B,70
A02976,Integration,Competitor D,84
A02977,Infrastructure,Competitor D,60
A02977,Database,Competitor C,69
A02977,AI & ML,Competitor A,41
A02977,Security,Competitor D,86
A02977,Integration,Competitor A,87
A02978,Infrastructure,Competitor D,57
A02978,Security,Competitor D,60
A02978,Integration,Competitor B,98
A02979,Database,Competitor D,81
A02979,Analytics & Data,Competitor D,75
A02979,Security,Competitor D,98
A02979,Applications,Competitor A,82
A02979,Integration,Competitor C,43
A02980,Infrastructure,Competitor A,35
A02980,Database,Competitor B,40
A02980,Analytics & Data,Competitor C,21
A02980,Security,Competitor C,87
A02981,Infrastructure,Competitor D,43
A02981,Database,Competitor C,99
A02981,AI & ML,Competitor D,69
A02981,Security,Competitor C,48
A02981,Applications,Competitor B,76
A02981,Integration,Competitor A,59
A02982,Database,Competitor C,98
A02982,AI & ML,Competitor C,99
A02982,Security,Competitor D,74
A02982,Applications,Competitor B,50
A02983,Infrastructure,Competitor D,93
A02983,Database,Competitor B,64
A02983,Analytics & Data,Competitor D,76
A02983,AI & ML,Competitor C,87
A02983,Security,Competitor D,69
A02983,Applications,Competitor D,71
A02983,Integration,Competitor A,80
A02984,Infrastructure,Competitor D,80
A02984,Analytics & Data,Competitor D,97
A02984,AI & ML,Competitor C,99
A02984,Security,Competitor A,100
A02984,Applications,Competitor D,99
A02984,Integration,Competitor C,99
A02985,Analytics & Data,Competitor B,93
A02985,AI & ML,Competitor A,50
A02985,Security,Competitor B,49
A02985,Applications,Competitor B,35
A02985,Integration,Competitor A,66
A02986,Infrastructure,Competitor A,19
A02986,Database,Competitor C,52
A02987,Infrastructure,Competitor A,33
A02987,Database,Competitor B,98
A02987,Analytics & Data,Competitor C,89
A02987,Security,Competitor D,99
A02987,Applications,Competitor C,48
A02987,Integration,Competitor B,98
A02988,Infrastructure,Competitor D,100
A02988,Database,Competitor B,67
A02988,Analytics & Data,Competitor B,83
A02988,AI & ML,Competitor B,74
A02988,Security,Competitor C,67
A02988,Applications,Competitor A,85
A02988,Integration,Competitor A,80
A02989,Infrastructure,Competitor A,64
A02989,Database,Competitor D,97
A02989,AI & ML,Competitor D,98
A02989,Security,Competitor C,64
A02989,Applications,Competitor A,91
A02989,Integration,Competitor D,14
A02990,Infrastructure,Competitor C,26
A02990,Analytics & Data,Competitor A,21
A02990,AI & ML,Competitor C,61
A02990,Applications,Competitor B,37
A02991,Security,Competitor C,47
A02992,Infrastructure,Competitor D,97
A02992,Database,Competitor D,79
A02992,Analytics & Data,Competitor D,69
A02992,AI & ML,Competitor A,87
A02992,Security,Competitor C,85
A02992,Integration,Competitor A,74
A02993,Database,Competitor C,99
A02993,Security,Competitor C,100
A02993,Integration,Competitor C,74
A02994,Infrastructure,Competitor A,73
A02994,AI & ML,Competitor A,99
A02994,Applications,Competitor B,98
A02994,Integration,Competitor D,100
A02995,Infrastructure,Competitor A,81
A02995,Database,Competitor B,41
A02995,AI & ML,Competitor C,29
A02995,Integration,Competitor D,67
A02996,Infrastructure,Competitor A,97
A02996,Database,Competitor D,69
A02996,Analytics & Data,Competitor C,97
A02996,AI & ML,Competitor C,82
A02996,Security,Competitor B,97
A02996,Applications,Competitor A,88
A02996,Integration,Competitor B,99
A02997,Database,Competitor A,76
A02997,Applications,Competitor B,70
A02998,Database,Competitor C,52
A02998,Analytics & Data,Competitor C,81
A02998,AI & ML,Competitor A,44
A02998,Applications,Competitor A,86
A02999,Infrastructure,Competitor A,99
A02999,Database,Competitor C,83
A02999,Analytics & Data,Competitor A,78
A02999,AI & ML,Competitor A,91
A02999,Security,Competitor D,72
A02999,Applications,Competitor C,79
A03000,Database,Competitor C,100
A03000,Analytics & Data,Competitor D,89
A03000,AI & ML,Competitor D,37
A03000,Security,Competitor A,51
A03000,Applications,Competitor D,73
A03000,Integration,Competitor A,93
